time(s)	cellId	rnti	lcid	packetSize
1.011	2	5	3	697
1.011	2	4	3	463
1.011	2	3	3	463
1.011	2	2	3	463
1.011	2	1	3	463
1.011	4	5	3	697
1.011	4	4	3	463
1.011	4	3	3	463
1.011	4	2	3	463
1.011	4	1	3	463
1.012	2	5	3	697
1.012	2	4	3	697
1.012	2	3	3	463
1.012	2	2	3	463
1.012	2	1	3	463
1.012	4	5	3	697
1.012	4	4	3	697
1.012	4	3	3	463
1.012	4	2	3	463
1.012	4	1	3	463
1.013	2	5	3	697
1.013	2	4	3	697
1.013	2	3	3	463
1.013	2	2	3	463
1.013	2	1	3	463
1.013	4	5	3	697
1.013	4	4	3	697
1.013	4	3	3	463
1.013	4	2	3	463
1.013	4	1	3	463
1.014	2	5	3	697
1.014	2	4	3	697
1.014	2	3	3	463
1.014	2	2	3	463
1.014	2	1	3	463
1.014	4	5	3	697
1.014	4	4	3	697
1.014	4	3	3	463
1.014	4	2	3	463
1.014	4	1	3	463
1.015	2	5	3	697
1.015	2	4	3	697
1.015	2	3	3	463
1.015	2	2	3	463
1.015	2	1	3	463
1.015	4	5	3	697
1.015	4	4	3	697
1.015	4	3	3	463
1.015	4	2	3	463
1.015	4	1	3	463
1.016	2	5	3	697
1.016	2	4	3	697
1.016	2	3	3	463
1.016	2	2	3	463
1.016	2	1	3	463
1.017	2	5	3	8409
1.017	2	4	3	8409
1.017	2	3	3	638
1.017	2	2	3	638
1.017	2	1	3	1107
1.018	2	5	3	8409
1.018	2	4	3	8409
1.018	2	3	3	638
1.018	2	2	3	638
1.018	2	1	3	1107
1.019	2	5	3	8409
1.019	2	4	3	5604
1.019	2	3	3	638
1.019	2	2	3	638
1.019	2	1	3	1107
1.02	2	5	3	8409
1.02	2	4	3	8409
1.02	2	3	3	638
1.02	2	2	3	638
1.02	2	1	3	1107
1.021	2	5	3	8409
1.021	2	4	3	8409
1.021	2	3	3	638
1.021	2	2	3	638
1.021	2	1	3	1107
1.021	4	5	3	10511
1.021	4	4	3	4320
1.021	4	3	3	463
1.021	4	2	3	1107
1.021	4	1	3	16115
1.022	2	5	3	19709
1.022	2	4	3	19709
1.022	2	3	3	13137
1.022	2	2	3	13137
1.022	2	1	3	13137
1.022	4	5	3	10511
1.022	4	4	3	6480
1.022	4	3	3	13137
1.022	4	2	3	1107
1.022	4	1	3	16115
1.023	2	5	3	19709
1.023	2	4	3	19709
1.023	2	3	3	13137
1.023	2	2	3	13137
1.023	2	1	3	13137
1.023	4	5	3	10511
1.023	4	4	3	6480
1.023	4	3	3	13137
1.023	4	2	3	1107
1.023	4	1	3	16115
1.024	2	5	3	19709
1.024	2	4	3	19709
1.024	2	3	3	13137
1.024	2	2	3	13137
1.024	2	1	3	13137
1.024	4	5	3	10511
1.024	4	4	3	6480
1.024	4	3	3	13137
1.024	4	2	3	1107
1.024	4	1	3	16115
1.025	2	5	3	19709
1.025	2	4	3	19709
1.025	2	3	3	13137
1.025	2	2	3	13137
1.025	2	1	3	13137
1.025	4	5	3	10511
1.025	4	4	3	6480
1.025	4	3	3	16115
1.025	4	2	3	1107
1.025	4	1	3	16115
1.026	2	5	3	19709
1.026	2	4	3	19709
1.026	2	3	3	13137
1.026	2	2	3	13137
1.026	2	1	3	13137
1.026	4	5	3	10511
1.026	4	4	3	6480
1.026	4	3	3	13137
1.026	4	2	3	1107
1.026	4	1	3	16115
1.034	2	5	3	24176
1.034	2	4	3	24176
1.034	2	3	3	16115
1.034	2	2	3	11387
1.034	2	1	3	16115
1.035	2	5	3	19709
1.035	2	4	3	19709
1.035	2	3	3	16115
1.035	2	2	3	11387
1.035	2	1	3	11387
1.036	2	5	3	19709
1.036	2	4	3	19709
1.036	2	3	3	11387
1.036	2	2	3	11387
1.036	2	1	3	11387
1.039	4	5	3	10511
1.039	4	4	3	4320
1.039	4	3	3	463
1.039	4	2	3	1107
1.039	4	1	3	16115
1.04	4	5	3	10511
1.04	4	4	3	6480
1.04	4	3	3	13137
1.04	4	2	3	1107
1.04	4	1	3	16115
1.041	2	5	3	19709
1.041	2	4	3	19709
1.041	2	3	3	13137
1.041	2	2	3	13137
1.041	2	1	3	13137
1.041	4	5	3	10511
1.041	4	4	3	6480
1.041	4	3	3	13137
1.041	4	2	3	1107
1.041	4	1	3	16115
1.042	4	5	3	10511
1.042	4	4	3	6480
1.042	4	3	3	13137
1.042	4	2	3	1107
1.042	4	1	3	16115
1.043	4	5	3	10511
1.043	4	4	3	6480
1.043	4	3	3	463
1.043	4	2	3	1107
1.043	4	1	3	16115
1.044	2	5	3	19709
1.044	2	4	3	19709
1.044	2	3	3	13137
1.044	2	2	3	638
1.044	2	1	3	638
1.044	4	5	3	10511
1.044	4	4	3	6480
1.044	4	3	3	463
1.044	4	2	3	1107
1.044	4	1	3	16115
1.045	2	5	3	24176
1.045	2	4	3	24176
1.045	2	3	3	16115
1.045	2	2	3	638
1.045	2	1	3	16115
1.045	4	5	3	11824
1.045	4	4	3	6480
1.045	4	3	3	638
1.045	4	2	3	1107
1.045	4	1	3	16115
1.047	4	5	3	10511
1.047	4	4	3	6480
1.047	4	3	3	463
1.047	4	2	3	1107
1.047	4	1	3	16115
1.048	2	5	3	8409
1.048	2	4	3	8409
1.048	2	3	3	638
1.048	2	2	3	638
1.048	2	1	3	16115
1.048	4	5	3	19709
1.048	4	4	3	19709
1.048	4	3	3	13137
1.048	4	2	3	13137
1.048	4	1	3	16115
1.051	2	5	3	8409
1.051	2	4	3	8409
1.051	2	3	3	638
1.051	2	2	3	638
1.051	2	1	3	638
1.052	2	5	3	19709
1.052	2	4	3	19709
1.052	2	3	3	11387
1.052	2	2	3	638
1.052	2	1	3	11387
1.052	4	5	3	10511
1.052	4	4	3	8409
1.052	4	3	3	638
1.052	4	2	3	1107
1.052	4	1	3	16115
1.054	2	5	3	8409
1.054	2	4	3	8409
1.054	2	3	3	638
1.054	2	2	3	638
1.054	2	1	3	638
1.054	4	5	3	10511
1.054	4	4	3	8409
1.054	4	3	3	463
1.054	4	2	3	1107
1.054	4	1	3	16115
1.056	2	5	3	14453
1.056	2	4	3	14453
1.056	2	3	3	2567
1.056	2	2	3	638
1.056	2	1	3	2567
1.056	4	5	3	11824
1.056	4	4	3	8409
1.056	4	3	3	463
1.056	4	2	3	1107
1.056	4	1	3	16115
1.058	4	5	3	10511
1.058	4	4	3	8409
1.058	4	3	3	463
1.058	4	2	3	1107
1.058	4	1	3	16115
1.059	2	5	3	8409
1.059	2	4	3	8409
1.059	2	3	3	638
1.059	2	2	3	638
1.059	2	1	3	2567
1.06	2	5	3	8409
1.06	2	4	3	8409
1.06	2	3	3	638
1.06	2	2	3	638
1.06	2	1	3	638
1.06	4	5	3	10511
1.06	4	4	3	8409
1.06	4	3	3	463
1.06	4	2	3	1107
1.06	4	1	3	16115
1.062	2	5	3	8409
1.062	2	4	3	8409
1.062	2	3	3	638
1.062	2	2	3	638
1.062	2	1	3	638
1.062	4	5	3	10511
1.062	4	4	3	8409
1.062	4	3	3	463
1.062	4	2	3	1107
1.062	4	1	3	16115
1.063	2	5	3	19709
1.063	2	4	3	19709
1.063	2	3	3	13137
1.063	2	2	3	638
1.063	2	1	3	13137
1.063	4	5	3	10511
1.063	4	4	3	8409
1.063	4	3	3	16115
1.063	4	2	3	1107
1.063	4	1	3	16115
1.064	2	5	3	19709
1.064	2	4	3	19709
1.064	2	3	3	13137
1.064	2	2	3	638
1.064	2	1	3	16115
1.064	4	5	3	19709
1.064	4	4	3	19709
1.064	4	3	3	13137
1.064	4	2	3	13137
1.064	4	1	3	16115
1.065	2	5	3	19709
1.065	2	4	3	19709
1.065	2	3	3	13137
1.065	2	2	3	13137
1.065	2	1	3	13137
1.066	2	5	3	8409
1.066	2	4	3	8409
1.066	2	3	3	638
1.066	2	2	3	1107
1.066	2	1	3	638
1.067	2	5	3	14453
1.067	2	4	3	14453
1.067	2	3	3	2567
1.067	2	2	3	1107
1.067	2	1	3	2567
1.07	2	5	3	8409
1.07	2	4	3	8409
1.07	2	3	3	638
1.07	2	2	3	1107
1.07	2	1	3	638
1.07	4	5	3	10511
1.07	4	4	3	8409
1.07	4	3	3	463
1.07	4	2	3	1107
1.07	4	1	3	16115
1.071	2	5	3	19709
1.071	2	4	3	19709
1.071	2	3	3	13137
1.071	2	2	3	13137
1.071	2	1	3	13137
1.071	4	5	3	10511
1.071	4	4	3	8409
1.071	4	3	3	13137
1.071	4	2	3	1107
1.071	4	1	3	16115
1.072	2	5	3	19709
1.072	2	4	3	13137
1.072	2	3	3	13137
1.072	2	2	3	13137
1.072	2	1	3	13137
1.072	4	5	3	10511
1.072	4	4	3	8409
1.072	4	3	3	13137
1.072	4	2	3	1107
1.072	4	1	3	16115
1.073	2	5	3	19709
1.073	2	4	3	19709
1.073	2	3	3	13137
1.073	2	2	3	13137
1.073	2	1	3	13137
1.075	2	5	3	10511
1.075	2	4	3	8409
1.075	2	3	3	638
1.075	2	2	3	13137
1.075	2	1	3	638
1.078	2	5	3	8409
1.078	2	4	3	8409
1.078	2	3	3	9634
1.078	2	2	3	9634
1.078	2	1	3	16115
1.078	4	5	3	10511
1.078	4	4	3	24176
1.078	4	3	3	7005
1.078	4	2	3	7882
1.078	4	1	3	16115
1.08	2	5	3	19709
1.08	2	4	3	19709
1.08	2	3	3	638
1.08	2	2	3	13137
1.08	2	1	3	638
1.08	4	5	3	10511
1.08	4	4	3	24176
1.08	4	3	3	463
1.08	4	2	3	463
1.08	4	1	3	16115
1.081	2	5	3	19709
1.081	2	4	3	19709
1.081	2	3	3	13137
1.081	2	2	3	13137
1.081	2	1	3	13137
1.082	2	5	3	19709
1.082	2	4	3	19709
1.082	2	3	3	11387
1.082	2	2	3	11387
1.082	2	1	3	13137
1.084	2	5	3	8409
1.084	2	4	3	8409
1.084	2	3	3	638
1.084	2	2	3	1107
1.084	2	1	3	638
1.084	4	5	3	10511
1.084	4	4	3	6480
1.084	4	3	3	463
1.084	4	2	3	1107
1.084	4	1	3	16115
1.086	2	5	3	8409
1.086	2	4	3	8409
1.086	2	3	3	638
1.086	2	2	3	1107
1.086	2	1	3	638
1.086	4	5	3	10511
1.086	4	4	3	6480
1.086	4	3	3	463
1.086	4	2	3	1107
1.086	4	1	3	16115
1.087	2	5	3	19709
1.087	2	4	3	19709
1.087	2	3	3	13137
1.087	2	2	3	13137
1.087	2	1	3	13137
1.087	4	5	3	10511
1.087	4	4	3	6480
1.087	4	3	3	13137
1.087	4	2	3	1107
1.087	4	1	3	16115
1.089	2	5	3	19709
1.089	2	4	3	19709
1.089	2	3	3	638
1.089	2	2	3	1107
1.089	2	1	3	638
1.09	2	5	3	8409
1.09	2	4	3	8409
1.09	2	3	3	638
1.09	2	2	3	1107
1.09	2	1	3	638
1.091	2	5	3	11824
1.091	2	4	3	5604
1.091	2	3	3	638
1.091	2	2	3	1749
1.091	2	1	3	638
1.094	2	5	3	8409
1.094	2	4	3	8409
1.094	2	3	3	16115
1.094	2	2	3	16115
1.094	2	1	3	16115
1.094	4	5	3	10511
1.094	4	4	3	6480
1.094	4	3	3	463
1.094	4	2	3	1107
1.094	4	1	3	16115
1.095	2	5	3	19709
1.095	2	4	3	19709
1.095	2	3	3	13137
1.095	2	2	3	13137
1.095	2	1	3	13137
1.095	4	5	3	10511
1.095	4	4	3	6480
1.095	4	3	3	13137
1.095	4	2	3	1107
1.095	4	1	3	16115
1.096	2	5	3	14453
1.096	2	4	3	14453
1.096	2	3	3	5604
1.096	2	2	3	5604
1.096	2	1	3	5604
1.096	4	5	3	10511
1.096	4	4	3	24176
1.096	4	3	3	9634
1.096	4	2	3	1107
1.096	4	1	3	16115
1.097	2	5	3	19709
1.097	2	4	3	19709
1.097	2	3	3	13137
1.097	2	2	3	13137
1.097	2	1	3	13137
1.098	4	5	3	10511
1.098	4	4	3	24176
1.098	4	3	3	463
1.098	4	2	3	1107
1.098	4	1	3	16115
1.102	4	5	3	10511
1.102	4	4	3	6480
1.102	4	3	3	463
1.102	4	2	3	1107
1.102	4	1	3	16115
1.103	2	5	3	19709
1.103	2	4	3	19709
1.103	2	3	3	13137
1.103	2	2	3	13137
1.103	2	1	3	13137
1.104	4	5	3	19709
1.104	4	4	3	19709
1.104	4	3	3	13137
1.104	4	2	3	13137
1.104	4	1	3	16115
1.105	2	5	3	19709
1.105	2	4	3	19709
1.105	2	3	3	9634
1.105	2	2	3	9634
1.105	2	1	3	9634
1.106	2	5	3	19709
1.106	2	4	3	19709
1.106	2	3	3	11387
1.106	2	2	3	11387
1.106	2	1	3	9634
1.107	2	5	3	24176
1.107	2	4	3	24176
1.107	2	3	3	16115
1.107	2	2	3	11387
1.107	2	1	3	16115
1.107	4	5	3	19709
1.107	4	4	3	6480
1.107	4	3	3	463
1.107	4	2	3	13137
1.107	4	1	3	16115
1.108	4	5	3	17080
1.108	4	4	3	9634
1.108	4	3	3	9634
1.108	4	2	3	9634
1.108	4	1	3	16115
1.109	4	5	3	17080
1.109	4	4	3	24176
1.109	4	3	3	9634
1.109	4	2	3	9634
1.109	4	1	3	16115
1.11	2	5	3	17080
1.11	2	4	3	17080
1.11	2	3	3	14890
1.11	2	2	3	11387
1.11	2	1	3	11387
1.11	4	5	3	19709
1.11	4	4	3	19709
1.11	4	3	3	13137
1.11	4	2	3	13137
1.11	4	1	3	16115
1.111	4	5	3	19709
1.111	4	4	3	19709
1.111	4	3	3	13137
1.111	4	2	3	13137
1.111	4	1	3	16115
1.114	2	5	3	24176
1.114	2	4	3	24176
1.114	2	3	3	16115
1.114	2	2	3	16115
1.114	2	1	3	638
1.118	4	5	3	11824
1.118	4	4	3	6480
1.118	4	3	3	463
1.118	4	2	3	638
1.118	4	1	3	16115
1.119	4	5	3	14453
1.119	4	4	3	5604
1.119	4	3	3	2567
1.119	4	2	3	2567
1.119	4	1	3	16115
1.121	4	5	3	10511
1.121	4	4	3	5255
1.121	4	3	3	463
1.121	4	2	3	1107
1.121	4	1	3	16115
1.122	2	5	3	6480
1.122	2	4	3	6480
1.122	2	3	3	2567
1.122	2	2	3	1107
1.122	2	1	3	463
1.123	2	5	3	14453
1.123	2	4	3	11824
1.123	2	3	3	2565
1.123	2	2	3	1107
1.123	2	1	3	463
1.123	4	5	3	19709
1.123	4	4	3	19709
1.123	4	3	3	463
1.123	4	2	3	1107
1.123	4	1	3	16115
1.124	2	5	3	14453
1.124	2	4	3	11824
1.124	2	3	3	2567
1.124	2	2	3	11387
1.124	2	1	3	16115
1.126	2	5	3	24176
1.126	2	4	3	24176
1.126	2	3	3	16115
1.126	2	2	3	638
1.126	2	1	3	463
1.126	4	5	3	10511
1.126	4	4	3	6480
1.126	4	3	3	463
1.126	4	2	3	463
1.126	4	1	3	16115
1.127	2	5	3	24176
1.127	2	4	3	24176
1.127	2	3	3	14890
1.127	2	2	3	638
1.127	2	1	3	463
1.127	4	5	3	19709
1.127	4	4	3	19709
1.127	4	3	3	13137
1.127	4	2	3	13137
1.127	4	1	3	16115
1.129	4	5	3	10511
1.129	4	4	3	6480
1.129	4	3	3	463
1.129	4	2	3	1107
1.129	4	1	3	16115
1.13	4	5	3	19709
1.13	4	4	3	24176
1.13	4	3	3	5604
1.13	4	2	3	7005
1.13	4	1	3	16115
1.134	2	5	3	10511
1.134	2	4	3	8409
1.134	2	3	3	638
1.134	2	2	3	638
1.134	2	1	3	638
1.134	4	5	3	10511
1.134	4	4	3	3851
1.134	4	3	3	463
1.134	4	2	3	1107
1.134	4	1	3	16115
1.135	2	5	3	14453
1.135	2	4	3	16115
1.135	2	3	3	7005
1.135	2	2	3	7882
1.135	2	1	3	638
1.136	4	5	3	19709
1.136	4	4	3	19709
1.136	4	3	3	13137
1.136	4	2	3	13137
1.136	4	1	3	16115
1.138	2	5	3	10511
1.138	2	4	3	8409
1.138	2	3	3	638
1.138	2	2	3	7882
1.138	2	1	3	16115
1.138	4	5	3	11824
1.138	4	4	3	6480
1.138	4	3	3	638
1.138	4	2	3	1107
1.138	4	1	3	16115
1.14	4	5	3	10511
1.14	4	4	3	6480
1.14	4	3	3	463
1.14	4	2	3	1107
1.14	4	1	3	16115
1.141	2	5	3	17080
1.141	2	4	3	17080
1.141	2	3	3	11387
1.141	2	2	3	11387
1.141	2	1	3	11387
1.142	2	5	3	22335
1.142	2	4	3	17080
1.142	2	3	3	11387
1.142	2	2	3	11387
1.142	2	1	3	11387
1.142	4	5	3	14453
1.142	4	4	3	14453
1.142	4	3	3	2567
1.142	4	2	3	5604
1.142	4	1	3	16115
1.144	2	5	3	8409
1.144	2	4	3	8409
1.144	2	3	3	638
1.144	2	2	3	1107
1.144	2	1	3	638
1.145	2	5	3	11824
1.145	2	4	3	8409
1.145	2	3	3	638
1.145	2	2	3	1107
1.145	2	1	3	638
1.145	4	5	3	10511
1.145	4	4	3	6480
1.145	4	3	3	463
1.145	4	2	3	1107
1.145	4	1	3	16115
1.146	4	5	3	19709
1.146	4	4	3	19709
1.146	4	3	3	13137
1.146	4	2	3	13137
1.146	4	1	3	16115
1.149	4	5	3	10511
1.149	4	4	3	6480
1.149	4	3	3	463
1.149	4	2	3	1107
1.149	4	1	3	16115
1.151	2	5	3	8409
1.151	2	4	3	8409
1.151	2	3	3	638
1.151	2	2	3	1107
1.151	2	1	3	638
1.153	4	5	3	8409
1.153	4	4	3	3851
1.153	4	3	3	463
1.153	4	2	3	463
1.153	4	1	3	16115
1.154	2	5	3	10511
1.154	2	4	3	8409
1.154	2	3	3	638
1.154	2	2	3	2567
1.154	2	1	3	2567
1.154	4	5	3	8409
1.154	4	4	3	3851
1.154	4	3	3	463
1.154	4	2	3	463
1.154	4	1	3	16115
1.155	2	5	3	10511
1.155	2	4	3	8409
1.155	2	3	3	638
1.155	2	2	3	14890
1.155	2	1	3	2567
1.156	2	5	3	11824
1.156	2	4	3	8409
1.156	2	3	3	638
1.156	2	2	3	14890
1.156	2	1	3	2567
1.156	4	5	3	19709
1.156	4	4	3	19709
1.156	4	3	3	463
1.156	4	2	3	13137
1.156	4	1	3	16115
1.157	4	5	3	19709
1.157	4	4	3	22335
1.157	4	3	3	7005
1.157	4	2	3	7005
1.157	4	1	3	16115
1.158	2	5	3	10511
1.158	2	4	3	8409
1.158	2	3	3	638
1.158	2	2	3	1107
1.158	2	1	3	638
1.158	4	5	3	19709
1.158	4	4	3	22335
1.158	4	3	3	16115
1.158	4	2	3	16115
1.158	4	1	3	16115
1.16	4	5	3	10511
1.16	4	4	3	6480
1.16	4	3	3	463
1.16	4	2	3	1107
1.16	4	1	3	16115
1.162	2	5	3	10511
1.162	2	4	3	8409
1.162	2	3	3	638
1.162	2	2	3	1107
1.162	2	1	3	638
1.163	2	5	3	10511
1.163	2	4	3	8409
1.163	2	3	3	11387
1.163	2	2	3	1107
1.163	2	1	3	16115
1.165	2	5	3	10511
1.165	2	4	3	8409
1.165	2	3	3	638
1.165	2	2	3	2567
1.165	2	1	3	2567
1.165	4	5	3	10511
1.165	4	4	3	8409
1.165	4	3	3	463
1.165	4	2	3	1107
1.165	4	1	3	16115
1.167	2	5	3	10511
1.167	2	4	3	8409
1.167	2	3	3	638
1.167	2	2	3	1749
1.167	2	1	3	638
1.167	4	5	3	11824
1.167	4	4	3	8409
1.167	4	3	3	1107
1.167	4	2	3	1107
1.167	4	1	3	16115
1.169	2	5	3	10511
1.169	2	4	3	8409
1.169	2	3	3	1107
1.169	2	2	3	1107
1.169	2	1	3	1107
1.169	4	5	3	19709
1.169	4	4	3	24176
1.169	4	3	3	5604
1.169	4	2	3	7005
1.169	4	1	3	16115
1.171	4	5	3	10511
1.171	4	4	3	4320
1.171	4	3	3	463
1.171	4	2	3	1107
1.171	4	1	3	16115
1.173	2	5	3	10511
1.173	2	4	3	8409
1.173	2	3	3	638
1.173	2	2	3	1107
1.173	2	1	3	638
1.175	4	5	3	10511
1.175	4	4	3	6480
1.175	4	3	3	463
1.175	4	2	3	1107
1.175	4	1	3	16115
1.176	2	5	3	10511
1.176	2	4	3	8409
1.176	2	3	3	638
1.176	2	2	3	1107
1.176	2	1	3	638
1.176	4	5	3	10511
1.176	4	4	3	6480
1.176	4	3	3	638
1.176	4	2	3	1107
1.176	4	1	3	16115
1.177	2	5	3	10511
1.177	2	4	3	8409
1.177	2	3	3	638
1.177	2	2	3	14890
1.177	2	1	3	638
1.177	4	5	3	19709
1.177	4	4	3	19709
1.177	4	3	3	13137
1.177	4	2	3	13137
1.177	4	1	3	16115
1.178	2	5	3	10511
1.178	2	4	3	8409
1.178	2	3	3	638
1.178	2	2	3	2567
1.178	2	1	3	638
1.178	4	5	3	19709
1.178	4	4	3	17080
1.178	4	3	3	11387
1.178	4	2	3	13137
1.178	4	1	3	16115
1.179	2	5	3	19709
1.179	2	4	3	13137
1.179	2	3	3	13137
1.179	2	2	3	13137
1.179	2	1	3	13137
1.18	2	5	3	19709
1.18	2	4	3	19709
1.18	2	3	3	1749
1.18	2	2	3	13137
1.18	2	1	3	1749
1.18	4	5	3	14453
1.18	4	4	3	14453
1.18	4	3	3	5604
1.18	4	2	3	5604
1.18	4	1	3	16115
1.181	2	5	3	19709
1.181	2	4	3	19709
1.181	2	3	3	1749
1.181	2	2	3	13137
1.181	2	1	3	16115
1.184	4	5	3	10511
1.184	4	4	3	6480
1.184	4	3	3	463
1.184	4	2	3	1107
1.184	4	1	3	16115
1.186	4	5	3	10511
1.186	4	4	3	6480
1.186	4	3	3	463
1.186	4	2	3	1107
1.186	4	1	3	16115
1.187	4	5	3	10511
1.187	4	4	3	6480
1.187	4	3	3	13137
1.187	4	2	3	1107
1.187	4	1	3	16115
1.188	2	5	3	19709
1.188	2	4	3	19709
1.188	2	3	3	13137
1.188	2	2	3	3502
1.188	2	1	3	16115
1.188	4	5	3	19709
1.188	4	4	3	13137
1.188	4	3	3	11387
1.188	4	2	3	11387
1.188	4	1	3	16115
1.189	2	5	3	19709
1.189	2	4	3	19709
1.189	2	3	3	13137
1.189	2	2	3	3502
1.189	2	1	3	16115
1.191	2	5	3	10511
1.191	2	4	3	10511
1.191	2	3	3	638
1.191	2	2	3	7882
1.191	2	1	3	638
1.191	4	5	3	10511
1.191	4	4	3	5255
1.191	4	3	3	463
1.191	4	2	3	463
1.191	4	1	3	16115
1.192	2	5	3	10511
1.192	2	4	3	10511
1.192	2	3	3	638
1.192	2	2	3	14890
1.192	2	1	3	638
1.192	4	5	3	19709
1.192	4	4	3	19709
1.192	4	3	3	13137
1.192	4	2	3	13137
1.192	4	1	3	16115
1.194	4	5	3	10511
1.194	4	4	3	6480
1.194	4	3	3	7005
1.194	4	2	3	7882
1.194	4	1	3	16115
1.195	2	5	3	17080
1.195	2	4	3	17080
1.195	2	3	3	9634
1.195	2	2	3	9634
1.195	2	1	3	9634
1.198	2	5	3	10511
1.198	2	4	3	8409
1.198	2	3	3	638
1.198	2	2	3	1107
1.198	2	1	3	638
1.199	2	5	3	11824
1.199	2	4	3	8409
1.199	2	3	3	1107
1.199	2	2	3	1107
1.199	2	1	3	638
1.2	2	5	3	17080
1.2	2	4	3	24176
1.2	2	3	3	7882
1.2	2	2	3	1107
1.2	2	1	3	16115
1.2	4	5	3	11824
1.2	4	4	3	6480
1.2	4	3	3	638
1.2	4	2	3	1107
1.2	4	1	3	16115
1.201	2	5	3	19709
1.201	2	4	3	19709
1.201	2	3	3	13137
1.201	2	2	3	13137
1.201	2	1	3	13137
1.202	4	5	3	11824
1.202	4	4	3	6480
1.202	4	3	3	463
1.202	4	2	3	1107
1.202	4	1	3	16115
1.203	2	5	3	19709
1.203	2	4	3	8409
1.203	2	3	3	13137
1.203	2	2	3	1749
1.203	2	1	3	13137
1.203	4	5	3	14453
1.203	4	4	3	8409
1.203	4	3	3	1749
1.203	4	2	3	2567
1.203	4	1	3	16115
1.204	2	5	3	19709
1.204	2	4	3	19709
1.204	2	3	3	13137
1.204	2	2	3	13137
1.204	2	1	3	13137
1.204	4	5	3	14453
1.204	4	4	3	24176
1.204	4	3	3	1749
1.204	4	2	3	2567
1.204	4	1	3	16115
1.206	2	5	3	10511
1.206	2	4	3	8409
1.206	2	3	3	638
1.206	2	2	3	1107
1.206	2	1	3	638
1.206	4	5	3	10511
1.206	4	4	3	6480
1.206	4	3	3	463
1.206	4	2	3	1107
1.206	4	1	3	16115
1.207	2	5	3	19709
1.207	2	4	3	19709
1.207	2	3	3	13137
1.207	2	2	3	13137
1.207	2	1	3	13137
1.207	4	5	3	10511
1.207	4	4	3	6480
1.207	4	3	3	13137
1.207	4	2	3	1107
1.207	4	1	3	16115
1.215	2	5	3	8409
1.215	2	4	3	3502
1.215	2	3	3	638
1.215	2	2	3	1107
1.215	2	1	3	637
1.215	4	5	3	10511
1.215	4	4	3	3851
1.215	4	3	3	463
1.215	4	2	3	1107
1.215	4	1	3	16115
1.217	2	5	3	8409
1.217	2	4	3	9634
1.217	2	3	3	638
1.217	2	2	3	1107
1.217	2	1	3	463
1.218	4	5	3	10511
1.218	4	4	3	3851
1.218	4	3	3	463
1.218	4	2	3	1107
1.218	4	1	3	16115
1.22	2	5	3	19709
1.22	2	4	3	19709
1.22	2	3	3	638
1.22	2	2	3	1107
1.22	2	1	3	9634
1.22	4	5	3	10511
1.22	4	4	3	6480
1.22	4	3	3	638
1.22	4	2	3	2567
1.22	4	1	3	16115
1.222	2	5	3	10511
1.222	2	4	3	8409
1.222	2	3	3	9634
1.222	2	2	3	9634
1.222	2	1	3	463
1.222	4	5	3	10511
1.222	4	4	3	22335
1.222	4	3	3	463
1.222	4	2	3	9634
1.222	4	1	3	16115
1.223	2	5	3	19709
1.223	2	4	3	19709
1.223	2	3	3	13137
1.223	2	2	3	13137
1.223	2	1	3	13137
1.223	4	5	3	10511
1.223	4	4	3	22335
1.223	4	3	3	16115
1.223	4	2	3	9634
1.223	4	1	3	16115
1.224	2	5	3	19709
1.224	2	4	3	19709
1.224	2	3	3	14890
1.224	2	2	3	13137
1.224	2	1	3	13137
1.224	4	5	3	19709
1.224	4	4	3	19709
1.224	4	3	3	13137
1.224	4	2	3	13137
1.224	4	1	3	16115
1.226	2	5	3	7207
1.226	2	4	3	6480
1.226	2	3	3	638
1.226	2	2	3	1107
1.226	2	1	3	638
1.226	4	5	3	10511
1.226	4	4	3	6480
1.226	4	3	3	463
1.226	4	2	3	1107
1.226	4	1	3	16115
1.235	4	5	3	10511
1.235	4	4	3	3851
1.235	4	3	3	463
1.235	4	2	3	1107
1.235	4	1	3	16115
1.236	2	4	3	6480
1.236	2	3	3	961
1.236	2	2	3	3851
1.236	2	1	3	3851
1.237	4	5	3	10511
1.237	4	4	3	3851
1.237	4	3	3	463
1.237	4	2	3	1107
1.237	4	1	3	14599
1.238	2	4	3	6480
1.238	2	3	3	1661
1.238	2	2	3	2626
1.238	2	1	3	3851
1.24	2	4	3	8409
1.24	2	3	3	1661
1.24	2	2	3	2626
1.24	2	1	3	1661
1.24	4	5	3	10511
1.24	4	4	3	8409
1.24	4	3	3	2626
1.24	4	2	3	2626
1.241	2	4	3	8409
1.241	2	3	3	1661
1.241	2	2	3	22335
1.241	2	1	3	1661
1.241	4	5	3	19709
1.241	4	4	3	19709
1.241	4	3	3	19709
1.241	4	2	3	19709
1.242	2	4	3	19709
1.242	2	3	3	19709
1.242	2	2	3	19709
1.242	2	1	3	19709
1.242	4	5	3	19709
1.242	4	4	3	19709
1.242	4	3	3	17080
1.242	4	2	3	19709
1.243	2	4	3	19709
1.243	2	3	3	17080
1.243	2	2	3	19709
1.243	2	1	3	19709
1.243	4	5	3	17080
1.243	4	4	3	14453
1.243	4	3	3	8409
1.243	4	2	3	14453
1.244	2	4	3	17080
1.244	2	3	3	14453
1.244	2	2	3	14453
1.244	2	1	3	14453
1.244	4	5	3	17080
1.244	4	4	3	14453
1.244	4	3	3	11824
1.244	4	2	3	14453
1.253	2	4	3	1684
1.253	2	3	3	961
1.253	2	2	3	1283
1.253	2	1	3	932
1.258	2	3	3	1283
1.258	2	2	3	5138
1.258	2	1	3	932
1.261	4	5	3	10511
1.261	4	4	3	6480
1.261	4	3	3	697
1.261	4	2	3	638
1.262	2	3	3	1283
1.262	2	2	3	1283
1.262	2	1	3	932
1.262	4	5	3	10511
1.262	4	4	3	3851
1.262	4	3	3	697
1.262	4	2	3	961
1.263	2	3	3	1283
1.263	2	2	3	1283
1.263	2	1	3	932
1.263	4	5	3	10511
1.263	4	4	3	6480
1.263	4	3	3	697
1.263	4	2	3	961
1.264	2	3	3	5138
1.264	2	2	3	5138
1.264	2	1	3	5138
1.264	4	5	3	10511
1.264	4	4	3	6480
1.264	4	3	3	8409
1.264	4	2	3	8409
1.265	2	3	3	1283
1.265	2	2	3	5138
1.265	2	1	3	1283
1.265	4	5	3	10511
1.265	4	4	3	24176
1.265	4	3	3	8409
1.265	4	2	3	24176
1.266	2	3	3	1283
1.266	2	2	3	5138
1.266	2	1	3	3502
1.266	4	5	3	10511
1.266	4	4	3	24176
1.266	4	3	3	8409
1.266	4	2	3	2626
1.267	2	3	3	32234
1.267	2	2	3	32234
1.267	2	1	3	3502
1.268	2	3	3	15767
1.268	2	2	3	14014
1.268	2	1	3	29784
1.268	4	5	3	8409
1.268	4	4	3	22335
1.268	4	3	3	8409
1.268	4	2	3	1107
1.269	2	3	3	14014
1.269	2	2	3	14014
1.269	2	1	3	29784
1.27	2	3	3	14014
1.27	2	2	3	14014
1.27	2	1	3	29784
1.271	2	3	3	14014
1.271	2	2	3	14014
1.271	2	1	3	29784
1.272	4	5	3	10511
1.272	4	4	3	22335
1.272	4	3	3	8409
1.272	4	2	3	961
1.274	4	5	3	10511
1.274	4	4	3	22335
1.274	4	3	3	8409
1.274	4	2	3	961
1.276	4	5	3	10511
1.276	4	4	3	19709
1.276	4	3	3	8409
1.276	4	2	3	10511
1.278	2	3	3	15767
1.278	2	2	3	15767
1.278	2	1	3	5138
1.278	4	5	3	11824
1.278	4	4	3	8409
1.278	4	3	3	1661
1.278	4	2	3	2626
1.279	2	3	3	5138
1.279	2	2	3	15767
1.279	2	1	3	5138
1.28	2	3	3	5138
1.28	2	2	3	15767
1.28	2	1	3	32234
1.281	2	3	3	11211
1.281	2	2	3	15767
1.281	2	1	3	11211
1.284	2	3	3	14014
1.284	2	2	3	14014
1.284	2	1	3	29784
1.284	4	5	3	8409
1.284	4	4	3	22335
1.284	4	3	3	8409
1.284	4	2	3	961
1.285	4	5	3	8409
1.285	4	4	3	24176
1.285	4	3	3	8409
1.285	4	2	3	961
1.286	4	5	3	8409
1.286	4	4	3	24176
1.286	4	3	3	8409
1.286	4	2	3	14453
1.288	4	5	3	8409
1.288	4	4	3	17080
1.288	4	3	3	697
1.288	4	2	3	10511
1.289	2	3	3	2218
1.289	2	2	3	3502
1.289	2	1	3	2218
1.289	4	5	3	10511
1.289	4	4	3	17080
1.289	4	3	3	697
1.289	4	2	3	1661
1.29	2	3	3	14014
1.29	2	2	3	14014
1.29	2	1	3	29784
1.291	2	3	3	14014
1.291	2	2	3	14014
1.291	2	1	3	32234
1.292	4	5	3	11824
1.292	4	4	3	6480
1.292	4	3	3	1661
1.292	4	2	3	2626
1.293	2	3	3	15767
1.293	2	2	3	3502
1.293	2	1	3	29784
1.294	2	3	3	22775
1.294	2	2	3	3502
1.294	2	1	3	29784
1.294	4	5	3	17080
1.294	4	4	3	14453
1.294	4	3	3	14453
1.294	4	2	3	14453
1.295	4	5	3	10511
1.295	4	4	3	22335
1.295	4	3	3	8409
1.295	4	2	3	1661
1.296	4	5	3	10511
1.296	4	4	3	24176
1.296	4	3	3	8409
1.296	4	2	3	1661
1.297	4	5	3	10511
1.297	4	4	3	17080
1.297	4	3	3	6480
1.297	4	2	3	10511
1.298	4	5	3	4471
1.298	4	4	3	14453
1.298	4	3	3	19269
1.298	4	2	3	19269
1.3	2	3	3	14014
1.3	2	2	3	15767
1.3	2	1	3	29784
1.301	2	3	3	14014
1.301	2	2	3	15767
1.301	2	1	3	32234
1.302	2	3	3	15767
1.302	2	2	3	19269
1.302	2	1	3	32234
1.303	2	3	3	15767
1.303	2	2	3	19269
1.303	2	1	3	32234
1.303	4	4	3	19269
1.303	4	3	3	11211
1.303	4	2	3	32234
1.304	2	3	3	15767
1.304	2	2	3	19269
1.304	2	1	3	32234
1.304	4	4	3	19269
1.304	4	3	3	19269
1.304	4	2	3	19269
1.305	4	4	3	16888
1.305	4	3	3	5138
1.305	4	2	3	5138
1.306	4	3	3	7706
1.306	4	2	3	7706
1.307	4	3	3	16819
1.307	4	2	3	7706
1.312	2	3	3	6480
1.312	2	2	3	11211
1.312	2	1	3	32234
1.312	4	3	3	3326
1.312	4	2	3	5255
1.316	4	3	3	1401
1.316	4	2	3	1925
1.317	4	3	3	28907
1.317	4	2	3	28907
1.321	2	3	3	1283
1.321	2	2	3	2218
1.321	2	1	3	1283
1.321	4	3	3	1401
1.321	4	2	3	1925
1.323	2	3	3	11211
1.323	2	2	3	15767
1.323	2	1	3	22775
1.323	4	3	3	5255
1.323	4	2	3	5255
1.324	2	3	3	1283
1.324	2	2	3	15767
1.324	2	1	3	22775
1.324	4	3	3	1401
1.324	4	2	3	5255
1.325	2	3	3	1283
1.325	2	2	3	5138
1.325	2	1	3	3502
1.325	4	3	3	1401
1.325	4	2	3	5255
1.326	2	3	3	1283
1.326	2	2	3	5138
1.326	2	1	3	1283
1.326	4	3	3	1401
1.326	4	2	3	1925
1.327	2	3	3	1283
1.327	2	2	3	14014
1.327	2	1	3	1283
1.327	4	3	3	10511
1.327	4	2	3	16819
1.328	4	3	3	24088
1.328	4	2	3	28907
1.329	4	3	3	10511
1.329	4	2	3	16819
1.33	4	3	3	10511
1.33	4	2	3	16819
1.331	4	3	3	8758
1.331	4	2	3	16819
1.332	2	3	3	1283
1.332	2	2	3	14014
1.332	2	1	3	1283
1.332	4	3	3	10511
1.332	4	2	3	16819
1.333	2	3	3	1283
1.333	2	2	3	15767
1.333	2	1	3	1283
1.334	2	3	3	32234
1.334	2	2	3	32234
1.334	2	1	3	1283
1.334	4	3	3	3326
1.334	4	2	3	5255
1.335	2	3	3	32234
1.335	2	2	3	32234
1.335	2	1	3	29784
1.335	4	3	3	28907
1.335	4	2	3	28907
1.336	2	3	3	32234
1.336	2	2	3	32234
1.336	2	1	3	29784
1.336	4	3	3	28907
1.336	4	2	3	28907
1.337	2	3	3	32234
1.337	2	2	3	32234
1.337	2	1	3	29784
1.337	4	3	3	16819
1.337	4	2	3	16819
1.338	4	3	3	10511
1.338	4	2	3	16819
1.339	4	3	3	10511
1.339	4	2	3	12964
1.343	4	3	3	10511
1.343	4	2	3	21022
1.349	2	3	3	8641
1.349	2	2	3	11211
1.349	2	1	3	1283
1.351	2	3	3	2218
1.351	2	2	3	3502
1.351	2	1	3	1283
1.353	2	3	3	2218
1.353	2	2	3	3502
1.353	2	1	3	2218
1.354	4	3	3	1401
1.354	4	2	3	3326
1.355	2	3	3	5138
1.355	2	2	3	5138
1.355	2	1	3	5138
1.355	4	3	3	16819
1.355	4	2	3	3326
1.356	2	3	3	2218
1.356	2	2	3	5138
1.356	2	1	3	5138
1.356	4	3	3	3326
1.356	4	2	3	3326
1.357	2	3	3	5138
1.357	2	2	3	5138
1.357	2	1	3	5138
1.357	4	3	3	16819
1.357	4	2	3	3326
1.358	2	3	3	5138
1.358	2	2	3	5138
1.358	2	1	3	5138
1.358	4	3	3	28907
1.358	4	2	3	28907
1.359	2	3	3	5138
1.359	2	2	3	5138
1.359	2	1	3	5138
1.359	4	3	3	24088
1.359	4	2	3	21022
1.361	4	3	3	10511
1.361	4	2	3	16819
1.366	2	3	3	2218
1.366	2	2	3	15767
1.366	2	1	3	3502
1.368	2	3	3	2218
1.368	2	2	3	15767
1.368	2	1	3	3502
1.369	2	3	3	2218
1.369	2	2	3	15767
1.369	2	1	3	2218
1.369	4	3	3	3326
1.369	4	2	3	3326
1.37	2	3	3	5138
1.37	2	2	3	15767
1.37	2	1	3	2218
1.37	4	3	3	16819
1.37	4	2	3	16819
1.371	4	3	3	3326
1.371	4	2	3	16819
1.372	4	3	3	10511
1.372	4	2	3	12964
1.373	2	3	3	2218
1.373	2	2	3	2218
1.373	2	1	3	2218
1.373	4	3	3	3326
1.373	4	2	3	12964
1.374	4	3	3	3326
1.374	4	2	3	21022
1.377	2	3	3	6480
1.377	2	2	3	11211
1.377	2	1	3	1283
1.377	4	3	3	3326
1.377	4	2	3	5255
1.378	4	3	3	28907
1.378	4	2	3	28907
1.379	2	3	3	2218
1.379	2	2	3	15767
1.379	2	1	3	1283
1.38	4	3	3	28907
1.38	4	2	3	28907
1.381	2	3	3	3502
1.381	2	2	3	15767
1.381	2	1	3	3502
1.381	4	3	3	48353
1.381	4	2	3	28907
1.382	4	3	3	48353
1.382	4	2	3	5255
1.383	2	3	3	2218
1.383	2	2	3	15767
1.383	2	1	3	1283
1.383	4	3	3	10511
1.383	4	2	3	48353
1.384	4	3	3	28907
1.384	4	2	3	28907
1.385	2	3	3	5138
1.385	2	2	3	5138
1.385	2	1	3	5138
1.385	4	3	3	28907
1.385	4	2	3	21022
1.387	2	3	3	1283
1.387	2	2	3	15767
1.387	2	1	3	1283
1.389	2	3	3	1283
1.389	2	2	3	15767
1.389	2	1	3	1283
1.389	4	3	3	12964
1.389	4	2	3	16819
1.391	2	3	3	1283
1.391	2	2	3	15767
1.391	2	1	3	1283
1.392	4	3	3	3326
1.392	4	2	3	5255
1.393	2	3	3	5138
1.393	2	2	3	5138
1.393	2	1	3	5138
1.394	2	3	3	2218
1.394	2	2	3	5138
1.394	2	1	3	5138
1.394	4	3	3	16819
1.394	4	2	3	5255
1.395	2	3	3	2772
1.395	2	2	3	4420
1.395	2	1	3	1603
1.397	2	3	3	7706
1.397	2	1	3	7044
1.397	4	3	3	16819
1.397	4	2	3	3326
1.398	2	3	3	15415
1.398	4	3	3	16819
1.398	4	2	3	48353
1.4	2	3	3	6656
1.4	4	3	3	12964
1.4	4	2	3	16819
1.401	2	3	3	15415
1.401	4	3	3	12964
1.401	4	2	3	16819
1.403	2	3	3	6656
1.404	2	3	3	25929
1.404	4	3	3	1401
1.404	4	2	3	1925
1.405	2	3	3	25929
1.406	2	3	3	25929
1.409	2	3	3	3851
1.411	2	3	3	3532
1.413	2	3	3	15415
1.414	2	3	3	96710
1.416	2	3	3	1497
1.42	4	3	3	1401
1.42	4	2	3	1925
1.421	4	3	3	1166
1.421	4	2	3	1925
1.422	4	3	3	48353
1.422	4	2	3	1925
1.423	4	3	3	15692
1.423	4	2	3	3209
1.424	4	2	3	96146
