% time(s)	cellId	bwpId	IMSI	RNTI	frame	sframe	slot	symStart	numSym	harqId	ndi	rv	mcs	tbSize
1.011	1	0	1	5	101	3	0	1	3	15	1	0	0	700
1.011	1	0	2	4	101	3	0	4	2	15	1	0	0	466
1.011	1	0	3	3	101	3	0	6	2	15	1	0	0	466
1.011	1	0	4	2	101	3	0	8	2	15	1	0	0	466
1.011	1	0	5	1	101	3	0	10	2	15	1	0	0	466
1.011	3	0	6	5	101	3	0	1	3	15	1	0	0	700
1.011	3	0	7	4	101	3	0	4	2	15	1	0	0	466
1.011	3	0	8	3	101	3	0	6	2	15	1	0	0	466
1.011	3	0	9	2	101	3	0	8	2	15	1	0	0	466
1.011	3	0	10	1	101	3	0	10	2	15	1	0	0	466
1.012	1	0	1	5	101	4	0	1	3	14	1	0	0	700
1.012	1	0	2	4	101	4	0	4	3	14	1	0	0	700
1.012	1	0	3	3	101	4	0	7	2	14	1	0	0	466
1.012	1	0	4	2	101	4	0	9	2	14	1	0	0	466
1.012	1	0	5	1	101	4	0	11	2	14	1	0	0	466
1.012	3	0	6	5	101	4	0	1	3	14	1	0	0	700
1.012	3	0	7	4	101	4	0	4	3	14	1	0	0	700
1.012	3	0	8	3	101	4	0	7	2	14	1	0	0	466
1.012	3	0	9	2	101	4	0	9	2	14	1	0	0	466
1.012	3	0	10	1	101	4	0	11	2	14	1	0	0	466
1.013	1	0	1	5	101	5	0	1	3	13	1	0	0	700
1.013	1	0	2	4	101	5	0	4	3	13	1	0	0	700
1.013	1	0	3	3	101	5	0	7	2	13	1	0	0	466
1.013	1	0	4	2	101	5	0	9	2	13	1	0	0	466
1.013	1	0	5	1	101	5	0	11	2	13	1	0	0	466
1.013	3	0	6	5	101	5	0	1	3	13	1	0	0	700
1.013	3	0	7	4	101	5	0	4	3	13	1	0	0	700
1.013	3	0	8	3	101	5	0	7	2	13	1	0	0	466
1.013	3	0	9	2	101	5	0	9	2	13	1	0	0	466
1.013	3	0	10	1	101	5	0	11	2	13	1	0	0	466
1.014	1	0	1	5	101	6	0	1	3	12	1	0	0	700
1.014	1	0	2	4	101	6	0	4	3	12	1	0	0	700
1.014	1	0	3	3	101	6	0	7	2	12	1	0	0	466
1.014	1	0	4	2	101	6	0	9	2	12	1	0	0	466
1.014	1	0	5	1	101	6	0	11	2	12	1	0	0	466
1.014	3	0	6	5	101	6	0	1	3	12	1	0	0	700
1.014	3	0	7	4	101	6	0	4	3	12	1	0	0	700
1.014	3	0	8	3	101	6	0	7	2	12	1	0	0	466
1.014	3	0	9	2	101	6	0	9	2	12	1	0	0	466
1.014	3	0	10	1	101	6	0	11	2	12	1	0	0	466
1.015	1	0	1	5	101	7	0	1	3	11	1	0	0	700
1.015	1	0	2	4	101	7	0	4	3	11	1	0	0	700
1.015	1	0	3	3	101	7	0	7	2	11	1	0	0	466
1.015	1	0	4	2	101	7	0	9	2	11	1	0	0	466
1.015	1	0	5	1	101	7	0	11	2	11	1	0	0	466
1.015	3	0	6	5	101	7	0	1	3	11	1	0	0	700
1.015	3	0	7	4	101	7	0	4	3	11	1	0	0	700
1.015	3	0	8	3	101	7	0	7	2	11	1	0	0	466
1.015	3	0	9	2	101	7	0	9	2	11	1	0	0	466
1.015	3	0	10	1	101	7	0	11	2	11	1	0	0	466
1.016	1	0	1	5	101	8	0	1	3	15	1	0	0	700
1.016	1	0	2	4	101	8	0	4	3	15	1	0	0	700
1.016	1	0	3	3	101	8	0	7	2	15	1	0	0	466
1.016	1	0	4	2	101	8	0	9	2	15	1	0	0	466
1.016	1	0	5	1	101	8	0	11	2	15	1	0	0	466
1.017	1	0	1	5	101	9	0	1	3	14	1	0	14	8412
1.017	1	0	2	4	101	9	0	4	3	14	1	0	14	8412
1.017	1	0	3	3	101	9	0	7	2	14	1	0	2	641
1.017	1	0	4	2	101	9	0	9	2	14	1	0	2	641
1.017	1	0	5	1	101	9	0	11	2	14	1	0	4	1110
1.018	1	0	1	5	102	0	0	1	3	13	1	0	14	8412
1.018	1	0	2	4	102	0	0	4	3	13	1	0	14	8412
1.018	1	0	3	3	102	0	0	7	2	13	1	0	2	641
1.018	1	0	4	2	102	0	0	9	2	13	1	0	2	641
1.018	1	0	5	1	102	0	0	11	2	13	1	0	4	1110
1.019	1	0	1	5	102	1	0	1	3	12	1	0	14	8412
1.019	1	0	2	4	102	1	0	4	2	12	1	0	14	5607
1.019	1	0	3	3	102	1	0	6	2	12	1	0	2	641
1.019	1	0	4	2	102	1	0	8	2	12	1	0	2	641
1.019	1	0	5	1	102	1	0	10	2	12	1	0	4	1110
1.02	1	0	1	5	102	2	0	1	3	11	1	0	14	8412
1.02	1	0	2	4	102	2	0	4	3	11	1	0	14	8412
1.02	1	0	3	3	102	2	0	7	2	11	1	0	2	641
1.02	1	0	4	2	102	2	0	9	2	11	1	0	2	641
1.02	1	0	5	1	102	2	0	11	2	11	1	0	4	1110
1.021	1	0	1	5	102	3	0	1	3	15	1	0	14	8412
1.021	1	0	2	4	102	3	0	4	3	15	1	0	14	8412
1.021	1	0	3	3	102	3	0	7	2	15	1	0	2	641
1.021	1	0	4	2	102	3	0	9	2	15	1	0	2	641
1.021	1	0	5	1	102	3	0	11	2	15	1	0	4	1110
1.021	3	0	6	5	102	3	0	1	3	15	1	0	16	10514
1.021	3	0	7	4	102	3	0	4	2	15	1	0	12	4323
1.021	3	0	8	3	102	3	0	6	2	15	1	0	0	466
1.021	3	0	9	2	102	3	0	8	2	15	1	0	4	1110
1.021	3	0	10	1	102	3	0	10	2	15	1	0	28	16118
1.022	1	0	1	5	102	4	0	1	3	14	1	0	24	19712
1.022	1	0	2	4	102	4	0	4	3	14	1	0	24	19712
1.022	1	0	3	3	102	4	0	7	2	14	1	0	24	13140
1.022	1	0	4	2	102	4	0	9	2	14	1	0	24	13140
1.022	1	0	5	1	102	4	0	11	2	14	1	0	24	13140
1.022	3	0	6	5	102	4	0	1	3	14	1	0	16	10514
1.022	3	0	7	4	102	4	0	4	3	14	1	0	12	6483
1.022	3	0	8	3	102	4	0	7	2	14	1	0	24	13140
1.022	3	0	9	2	102	4	0	9	2	14	1	0	4	1110
1.022	3	0	10	1	102	4	0	11	2	14	1	0	28	16118
1.023	1	0	1	5	102	5	0	1	3	13	1	0	24	19712
1.023	1	0	2	4	102	5	0	4	3	13	1	0	24	19712
1.023	1	0	3	3	102	5	0	7	2	13	1	0	24	13140
1.023	1	0	4	2	102	5	0	9	2	13	1	0	24	13140
1.023	1	0	5	1	102	5	0	11	2	13	1	0	24	13140
1.023	3	0	6	5	102	5	0	1	3	13	1	0	16	10514
1.023	3	0	7	4	102	5	0	4	3	13	1	0	12	6483
1.023	3	0	8	3	102	5	0	7	2	13	1	0	24	13140
1.023	3	0	9	2	102	5	0	9	2	13	1	0	4	1110
1.023	3	0	10	1	102	5	0	11	2	13	1	0	28	16118
1.024	1	0	1	5	102	6	0	1	3	12	1	0	24	19712
1.024	1	0	2	4	102	6	0	4	3	12	1	0	24	19712
1.024	1	0	3	3	102	6	0	7	2	12	1	0	24	13140
1.024	1	0	4	2	102	6	0	9	2	12	1	0	24	13140
1.024	1	0	5	1	102	6	0	11	2	12	1	0	24	13140
1.024	3	0	6	5	102	6	0	1	3	12	1	0	16	10514
1.024	3	0	7	4	102	6	0	4	3	12	1	0	12	6483
1.024	3	0	8	3	102	6	0	7	2	12	1	0	24	13140
1.024	3	0	9	2	102	6	0	9	2	12	1	0	4	1110
1.024	3	0	10	1	102	6	0	11	2	12	1	0	28	16118
1.025	1	0	1	5	102	7	0	1	3	11	1	0	24	19712
1.025	1	0	2	4	102	7	0	4	3	11	1	0	24	19712
1.025	1	0	3	3	102	7	0	7	2	11	1	0	24	13140
1.025	1	0	4	2	102	7	0	9	2	11	1	0	24	13140
1.025	1	0	5	1	102	7	0	11	2	11	1	0	24	13140
1.025	3	0	6	5	102	7	0	1	3	11	1	0	16	10514
1.025	3	0	7	4	102	7	0	4	3	11	1	0	12	6483
1.025	3	0	8	3	102	7	0	7	2	11	1	0	28	16118
1.025	3	0	9	2	102	7	0	9	2	11	1	0	4	1110
1.025	3	0	10	1	102	7	0	11	2	11	1	0	28	16118
1.026	1	0	1	5	102	8	0	1	3	15	1	0	24	19712
1.026	1	0	2	4	102	8	0	4	3	15	1	0	24	19712
1.026	1	0	3	3	102	8	0	7	2	15	1	0	24	13140
1.026	1	0	4	2	102	8	0	9	2	15	1	0	24	13140
1.026	1	0	5	1	102	8	0	11	2	15	1	0	24	13140
1.026	3	0	6	5	102	8	0	1	3	15	1	0	16	10514
1.026	3	0	7	4	102	8	0	4	3	15	1	0	12	6483
1.026	3	0	8	3	102	8	0	7	2	15	1	0	24	13140
1.026	3	0	9	2	102	8	0	9	2	15	1	0	4	1110
1.026	3	0	10	1	102	8	0	11	2	15	1	0	28	16118
1.034	1	0	1	5	103	6	0	1	3	14	1	0	28	24179
1.034	1	0	2	4	103	6	0	4	3	14	1	0	28	24179
1.034	1	0	3	3	103	6	0	7	2	14	1	0	28	16118
1.034	1	0	4	2	103	6	0	9	2	14	1	0	22	11390
1.034	1	0	5	1	103	6	0	11	2	14	1	0	28	16118
1.035	1	0	1	5	103	7	0	1	3	13	1	0	24	19712
1.035	1	0	2	4	103	7	0	4	3	13	1	0	24	19712
1.035	1	0	3	3	103	7	0	7	2	13	1	0	28	16118
1.035	1	0	4	2	103	7	0	9	2	13	1	0	22	11390
1.035	1	0	5	1	103	7	0	11	2	13	1	0	22	11390
1.036	1	0	1	5	103	8	0	1	3	15	1	0	24	19712
1.036	1	0	2	4	103	8	0	4	3	15	1	0	24	19712
1.036	1	0	3	3	103	8	0	7	2	12	1	0	22	11390
1.036	1	0	4	2	103	8	0	9	2	12	1	0	22	11390
1.036	1	0	5	1	103	8	0	11	2	12	1	0	22	11390
1.039	3	0	6	5	104	1	0	1	3	15	1	0	16	10514
1.039	3	0	7	4	104	1	0	4	2	15	1	0	12	4323
1.039	3	0	8	3	104	1	0	6	2	12	1	0	0	466
1.039	3	0	9	2	104	1	0	8	2	15	1	0	4	1110
1.039	3	0	10	1	104	1	0	10	2	15	1	0	28	16118
1.04	3	0	6	5	104	2	0	1	3	14	1	0	16	10514
1.04	3	0	7	4	104	2	0	4	3	14	1	0	12	6483
1.04	3	0	8	3	104	2	0	7	2	11	1	0	24	13140
1.04	3	0	9	2	104	2	0	9	2	14	1	0	4	1110
1.04	3	0	10	1	104	2	0	11	2	14	1	0	28	16118
1.041	1	0	1	5	104	3	0	1	3	15	1	0	24	19712
1.041	1	0	2	4	104	3	0	4	3	15	1	0	24	19712
1.041	1	0	3	3	104	3	0	7	2	15	1	0	24	13140
1.041	1	0	4	2	104	3	0	9	2	14	1	0	24	13140
1.041	1	0	5	1	104	3	0	11	2	15	1	0	24	13140
1.041	3	0	6	5	104	3	0	1	3	13	1	0	16	10514
1.041	3	0	7	4	104	3	0	4	3	13	1	0	12	6483
1.041	3	0	8	3	104	3	0	7	2	15	1	0	24	13140
1.041	3	0	9	2	104	3	0	9	2	13	1	0	4	1110
1.041	3	0	10	1	104	3	0	11	2	13	1	0	28	16118
1.042	3	0	6	5	104	4	0	1	3	12	1	0	16	10514
1.042	3	0	7	4	104	4	0	4	3	12	1	0	12	6483
1.042	3	0	8	3	104	4	0	7	2	14	1	0	24	13140
1.042	3	0	9	2	104	4	0	9	2	12	1	0	4	1110
1.042	3	0	10	1	104	4	0	11	2	12	1	0	28	16118
1.043	3	0	6	5	104	5	0	1	3	11	1	0	16	10514
1.043	3	0	7	4	104	5	0	4	3	11	1	0	12	6483
1.043	3	0	8	3	104	5	0	7	2	13	1	0	0	466
1.043	3	0	9	2	104	5	0	9	2	11	1	0	4	1110
1.043	3	0	10	1	104	5	0	11	2	11	1	0	28	16118
1.044	1	0	1	5	104	6	0	1	3	14	1	0	24	19712
1.044	1	0	2	4	104	6	0	4	3	14	1	0	24	19712
1.044	1	0	3	3	104	6	0	7	2	14	1	0	24	13140
1.044	1	0	4	2	104	6	0	9	2	13	1	0	2	641
1.044	1	0	5	1	104	6	0	11	2	14	1	0	2	641
1.044	3	0	6	5	104	6	0	1	3	15	1	0	16	10514
1.044	3	0	7	4	104	6	0	4	3	15	1	0	12	6483
1.044	3	0	8	3	104	6	0	7	2	12	1	0	0	466
1.044	3	0	9	2	104	6	0	9	2	15	1	0	4	1110
1.044	3	0	10	1	104	6	0	11	2	15	1	0	28	16118
1.045	1	0	1	5	104	7	0	1	3	13	1	0	28	24179
1.045	1	0	2	4	104	7	0	4	3	13	1	0	28	24179
1.045	1	0	3	3	104	7	0	7	2	13	1	0	28	16118
1.045	1	0	4	2	104	7	0	9	2	12	1	0	2	641
1.045	1	0	5	1	104	7	0	11	2	13	1	0	28	16118
1.045	3	0	6	5	104	7	0	1	3	14	1	0	18	11827
1.045	3	0	7	4	104	7	0	4	3	14	1	0	12	6483
1.045	3	0	8	3	104	7	0	7	2	11	1	0	2	641
1.045	3	0	9	2	104	7	0	9	2	14	1	0	4	1110
1.045	3	0	10	1	104	7	0	11	2	14	1	0	28	16118
1.047	3	0	6	5	104	9	0	1	3	13	1	0	16	10514
1.047	3	0	7	4	104	9	0	4	3	13	1	0	12	6483
1.047	3	0	8	3	104	9	0	7	2	14	1	0	0	466
1.047	3	0	9	2	104	9	0	9	2	13	1	0	4	1110
1.047	3	0	10	1	104	9	0	11	2	13	1	0	28	16118
1.048	1	0	1	5	105	0	0	1	3	12	1	0	14	8412
1.048	1	0	2	4	105	0	0	4	3	12	1	0	14	8412
1.048	1	0	3	3	105	0	0	7	2	12	1	0	2	641
1.048	1	0	4	2	105	0	0	9	2	15	1	0	2	641
1.048	1	0	5	1	105	0	0	11	2	12	1	0	28	16118
1.048	3	0	6	5	105	0	0	1	3	12	1	0	24	19712
1.048	3	0	7	4	105	0	0	4	3	12	1	0	24	19712
1.048	3	0	8	3	105	0	0	7	2	13	1	0	24	13140
1.048	3	0	9	2	105	0	0	9	2	12	1	0	24	13140
1.048	3	0	10	1	105	0	0	11	2	12	1	0	28	16118
1.051	1	0	1	5	105	3	0	1	3	15	1	0	14	8412
1.051	1	0	2	4	105	3	0	4	3	15	1	0	14	8412
1.051	1	0	3	3	105	3	0	7	2	15	1	0	2	641
1.051	1	0	4	2	105	3	0	9	2	13	1	0	2	641
1.051	1	0	5	1	105	3	0	11	2	15	1	0	2	641
1.052	1	0	1	5	105	4	0	1	3	11	1	0	24	19712
1.052	1	0	2	4	105	4	0	4	3	11	1	0	24	19712
1.052	1	0	3	3	105	4	0	7	2	11	1	0	22	11390
1.052	1	0	4	2	105	4	0	9	2	14	1	0	2	641
1.052	1	0	5	1	105	4	0	11	2	14	1	0	22	11390
1.052	3	0	6	5	105	4	0	1	3	15	1	0	16	10514
1.052	3	0	7	4	105	4	0	4	3	15	1	0	14	8412
1.052	3	0	8	3	105	4	0	7	2	14	1	0	2	641
1.052	3	0	9	2	105	4	0	9	2	15	1	0	4	1110
1.052	3	0	10	1	105	4	0	11	2	15	1	0	28	16118
1.054	1	0	1	5	105	6	0	1	3	14	1	0	14	8412
1.054	1	0	2	4	105	6	0	4	3	14	1	0	14	8412
1.054	1	0	3	3	105	6	0	7	2	14	1	0	2	641
1.054	1	0	4	2	105	6	0	9	2	15	1	0	2	641
1.054	1	0	5	1	105	6	0	11	2	11	1	0	2	641
1.054	3	0	6	5	105	6	0	1	3	13	1	0	16	10514
1.054	3	0	7	4	105	6	0	4	3	14	1	0	14	8412
1.054	3	0	8	3	105	6	0	7	2	12	1	0	0	466
1.054	3	0	9	2	105	6	0	9	2	14	1	0	4	1110
1.054	3	0	10	1	105	6	0	11	2	14	1	0	28	16118
1.056	1	0	1	5	105	8	0	1	3	15	1	0	20	14456
1.056	1	0	2	4	105	8	0	4	3	15	1	0	20	14456
1.056	1	0	3	3	105	8	0	7	2	15	1	0	8	2570
1.056	1	0	4	2	105	8	0	9	2	13	1	0	2	641
1.056	1	0	5	1	105	8	0	11	2	15	1	0	8	2570
1.056	3	0	6	5	105	8	0	1	3	14	1	0	18	11827
1.056	3	0	7	4	105	8	0	4	3	13	1	0	14	8412
1.056	3	0	8	3	105	8	0	7	2	15	1	0	0	466
1.056	3	0	9	2	105	8	0	9	2	13	1	0	4	1110
1.056	3	0	10	1	105	8	0	11	2	13	1	0	28	16118
1.058	3	0	6	5	106	0	0	1	3	15	1	0	16	10514
1.058	3	0	7	4	106	0	0	4	3	15	1	0	14	8412
1.058	3	0	8	3	106	0	0	7	2	13	1	0	0	466
1.058	3	0	9	2	106	0	0	9	2	15	1	0	4	1110
1.058	3	0	10	1	106	0	0	11	2	15	1	0	28	16118
1.059	1	0	1	5	106	1	0	1	3	14	1	0	14	8412
1.059	1	0	2	4	106	1	0	4	3	14	1	0	14	8412
1.059	1	0	3	3	106	1	0	7	2	14	1	0	2	641
1.059	1	0	4	2	106	1	0	9	2	15	1	0	2	641
1.059	1	0	5	1	106	1	0	11	2	13	1	0	8	2570
1.06	1	0	1	5	106	2	0	1	3	13	1	0	14	8412
1.06	1	0	2	4	106	2	0	4	3	13	1	0	14	8412
1.06	1	0	3	3	106	2	0	7	2	13	1	0	2	641
1.06	1	0	4	2	106	2	0	9	2	14	1	0	2	641
1.06	1	0	5	1	106	2	0	11	2	11	1	0	2	641
1.06	3	0	6	5	106	2	0	1	3	13	1	0	16	10514
1.06	3	0	7	4	106	2	0	4	3	14	1	0	14	8412
1.06	3	0	8	3	106	2	0	7	2	11	1	0	0	466
1.06	3	0	9	2	106	2	0	9	2	14	1	0	4	1110
1.06	3	0	10	1	106	2	0	11	2	14	1	0	28	16118
1.062	1	0	1	5	106	4	0	1	3	12	1	0	14	8412
1.062	1	0	2	4	106	4	0	4	3	12	1	0	14	8412
1.062	1	0	3	3	106	4	0	7	2	12	1	0	2	641
1.062	1	0	4	2	106	4	0	9	2	13	1	0	2	641
1.062	1	0	5	1	106	4	0	11	2	14	1	0	2	641
1.062	3	0	6	5	106	4	0	1	3	12	1	0	16	10514
1.062	3	0	7	4	106	4	0	4	3	13	1	0	14	8412
1.062	3	0	8	3	106	4	0	7	2	14	1	0	0	466
1.062	3	0	9	2	106	4	0	9	2	13	1	0	4	1110
1.062	3	0	10	1	106	4	0	11	2	13	1	0	28	16118
1.063	1	0	1	5	106	5	0	1	3	11	1	0	24	19712
1.063	1	0	2	4	106	5	0	4	3	11	1	0	24	19712
1.063	1	0	3	3	106	5	0	7	2	11	1	0	24	13140
1.063	1	0	4	2	106	5	0	9	2	12	1	0	2	641
1.063	1	0	5	1	106	5	0	11	2	12	1	0	24	13140
1.063	3	0	6	5	106	5	0	1	3	15	1	0	16	10514
1.063	3	0	7	4	106	5	0	4	3	15	1	0	14	8412
1.063	3	0	8	3	106	5	0	7	2	13	1	0	28	16118
1.063	3	0	9	2	106	5	0	9	2	15	1	0	4	1110
1.063	3	0	10	1	106	5	0	11	2	15	1	0	28	16118
1.064	1	0	1	5	106	6	0	1	3	14	1	0	24	19712
1.064	1	0	2	4	106	6	0	4	3	14	1	0	24	19712
1.064	1	0	3	3	106	6	0	7	2	14	1	0	24	13140
1.064	1	0	4	2	106	6	0	9	2	15	1	0	2	641
1.064	1	0	5	1	106	6	0	11	2	13	1	0	28	16118
1.064	3	0	6	5	106	6	0	1	3	11	1	0	24	19712
1.064	3	0	7	4	106	6	0	4	3	12	1	0	24	19712
1.064	3	0	8	3	106	6	0	7	2	12	1	0	24	13140
1.064	3	0	9	2	106	6	0	9	2	12	1	0	24	13140
1.064	3	0	10	1	106	6	0	11	2	12	1	0	28	16118
1.065	1	0	1	5	106	7	0	1	3	13	1	0	24	19712
1.065	1	0	2	4	106	7	0	4	3	13	1	0	24	19712
1.065	1	0	3	3	106	7	0	7	2	13	1	0	24	13140
1.065	1	0	4	2	106	7	0	9	2	14	1	0	24	13140
1.065	1	0	5	1	106	7	0	11	2	11	1	0	24	13140
1.066	1	0	1	5	106	8	0	1	3	15	1	0	14	8412
1.066	1	0	2	4	106	8	0	4	3	15	1	0	14	8412
1.066	1	0	3	3	106	8	0	7	2	15	1	0	2	641
1.066	1	0	4	2	106	8	0	9	2	11	1	0	4	1110
1.066	1	0	5	1	106	8	0	11	2	15	1	0	2	641
1.067	1	0	1	5	106	9	0	1	3	12	1	0	20	14456
1.067	1	0	2	4	106	9	0	4	3	12	1	0	20	14456
1.067	1	0	3	3	106	9	0	7	2	12	1	0	8	2570
1.067	1	0	4	2	106	9	0	9	2	13	1	0	4	1110
1.067	1	0	5	1	106	9	0	11	2	14	1	0	8	2570
1.07	1	0	1	5	107	2	0	1	3	13	1	0	14	8412
1.07	1	0	2	4	107	2	0	4	3	13	1	0	14	8412
1.07	1	0	3	3	107	2	0	7	2	13	1	0	2	641
1.07	1	0	4	2	107	2	0	9	2	15	1	0	4	1110
1.07	1	0	5	1	107	2	0	11	2	11	1	0	2	641
1.07	3	0	6	5	107	2	0	1	3	15	1	0	16	10514
1.07	3	0	7	4	107	2	0	4	3	15	1	0	14	8412
1.07	3	0	8	3	107	2	0	7	2	11	1	0	0	466
1.07	3	0	9	2	107	2	0	9	2	15	1	0	4	1110
1.07	3	0	10	1	107	2	0	11	2	15	1	0	28	16118
1.071	1	0	1	5	107	3	0	1	3	15	1	0	24	19712
1.071	1	0	2	4	107	3	0	4	3	15	1	0	24	19712
1.071	1	0	3	3	107	3	0	7	2	15	1	0	24	13140
1.071	1	0	4	2	107	3	0	9	2	14	1	0	24	13140
1.071	1	0	5	1	107	3	0	11	2	15	1	0	24	13140
1.071	3	0	6	5	107	3	0	1	3	14	1	0	16	10514
1.071	3	0	7	4	107	3	0	4	3	14	1	0	14	8412
1.071	3	0	8	3	107	3	0	7	2	15	1	0	24	13140
1.071	3	0	9	2	107	3	0	9	2	14	1	0	4	1110
1.071	3	0	10	1	107	3	0	11	2	14	1	0	28	16118
1.072	1	0	1	5	107	4	0	1	3	12	1	0	24	19712
1.072	1	0	2	4	107	4	0	4	2	12	1	0	24	13140
1.072	1	0	3	3	107	4	0	6	2	12	1	0	24	13140
1.072	1	0	4	2	107	4	0	8	2	13	1	0	24	13140
1.072	1	0	5	1	107	4	0	10	2	14	1	0	24	13140
1.072	3	0	6	5	107	4	0	1	3	13	1	0	16	10514
1.072	3	0	7	4	107	4	0	4	3	13	1	0	14	8412
1.072	3	0	8	3	107	4	0	7	2	14	1	0	24	13140
1.072	3	0	9	2	107	4	0	9	2	13	1	0	4	1110
1.072	3	0	10	1	107	4	0	11	2	13	1	0	28	16118
1.073	1	0	1	5	107	5	0	1	3	11	1	0	24	19712
1.073	1	0	2	4	107	5	0	4	3	11	1	0	24	19712
1.073	1	0	3	3	107	5	0	7	2	11	1	0	24	13140
1.073	1	0	4	2	107	5	0	9	2	12	1	0	24	13140
1.073	1	0	5	1	107	5	0	11	2	12	1	0	24	13140
1.075	1	0	1	5	107	7	0	1	3	14	1	0	16	10514
1.075	1	0	2	4	107	7	0	4	3	14	1	0	14	8412
1.075	1	0	3	3	107	7	0	7	2	13	1	0	2	641
1.075	1	0	4	2	107	7	0	9	2	11	1	0	24	13140
1.075	1	0	5	1	107	7	0	11	2	11	1	0	2	641
1.078	1	0	1	5	108	0	0	1	3	13	1	0	14	8412
1.078	1	0	2	4	108	0	0	4	3	13	1	0	14	8412
1.078	1	0	3	3	108	0	0	7	2	11	1	0	20	9637
1.078	1	0	4	2	108	0	0	9	2	15	1	0	20	9637
1.078	1	0	5	1	108	0	0	11	2	14	1	0	28	16118
1.078	3	0	6	5	108	0	0	1	3	15	1	0	16	10514
1.078	3	0	7	4	108	0	0	4	3	15	1	0	28	24179
1.078	3	0	8	3	108	0	0	7	2	13	1	0	16	7008
1.078	3	0	9	2	108	0	0	9	2	15	1	0	18	7885
1.078	3	0	10	1	108	0	0	11	2	15	1	0	28	16118
1.08	1	0	1	5	108	2	0	1	3	14	1	0	24	19712
1.08	1	0	2	4	108	2	0	4	3	14	1	0	24	19712
1.08	1	0	3	3	108	2	0	7	2	13	1	0	2	641
1.08	1	0	4	2	108	2	0	9	2	12	1	0	24	13140
1.08	1	0	5	1	108	2	0	11	2	12	1	0	2	641
1.08	3	0	6	5	108	2	0	1	3	14	1	0	16	10514
1.08	3	0	7	4	108	2	0	4	3	14	1	0	28	24179
1.08	3	0	8	3	108	2	0	7	2	11	1	0	0	466
1.08	3	0	9	2	108	2	0	9	2	14	1	0	0	466
1.08	3	0	10	1	108	2	0	11	2	14	1	0	28	16118
1.081	1	0	1	5	108	3	0	1	3	15	1	0	24	19712
1.081	1	0	2	4	108	3	0	4	3	15	1	0	24	19712
1.081	1	0	3	3	108	3	0	7	2	15	1	0	24	13140
1.081	1	0	4	2	108	3	0	9	2	14	1	0	24	13140
1.081	1	0	5	1	108	3	0	11	2	11	1	0	24	13140
1.082	1	0	1	5	108	4	0	1	3	12	1	0	24	19712
1.082	1	0	2	4	108	4	0	4	3	12	1	0	24	19712
1.082	1	0	3	3	108	4	0	7	2	12	1	0	22	11390
1.082	1	0	4	2	108	4	0	9	2	13	1	0	22	11390
1.082	1	0	5	1	108	4	0	11	2	15	1	0	24	13140
1.084	1	0	1	5	108	6	0	1	3	13	1	0	14	8412
1.084	1	0	2	4	108	6	0	4	3	13	1	0	14	8412
1.084	1	0	3	3	108	6	0	7	2	14	1	0	2	641
1.084	1	0	4	2	108	6	0	9	2	11	1	0	4	1110
1.084	1	0	5	1	108	6	0	11	2	13	1	0	2	641
1.084	3	0	6	5	108	6	0	1	3	15	1	0	16	10514
1.084	3	0	7	4	108	6	0	4	3	13	1	0	12	6483
1.084	3	0	8	3	108	6	0	7	2	12	1	0	0	466
1.084	3	0	9	2	108	6	0	9	2	13	1	0	4	1110
1.084	3	0	10	1	108	6	0	11	2	15	1	0	28	16118
1.086	1	0	1	5	108	8	0	1	3	15	1	0	14	8412
1.086	1	0	2	4	108	8	0	4	3	15	1	0	14	8412
1.086	1	0	3	3	108	8	0	7	2	15	1	0	2	641
1.086	1	0	4	2	108	8	0	9	2	14	1	0	4	1110
1.086	1	0	5	1	108	8	0	11	2	12	1	0	2	641
1.086	3	0	6	5	108	8	0	1	3	14	1	0	16	10514
1.086	3	0	7	4	108	8	0	4	3	12	1	0	12	6483
1.086	3	0	8	3	108	8	0	7	2	15	1	0	0	466
1.086	3	0	9	2	108	8	0	9	2	14	1	0	4	1110
1.086	3	0	10	1	108	8	0	11	2	14	1	0	28	16118
1.087	1	0	1	5	108	9	0	1	3	12	1	0	24	19712
1.087	1	0	2	4	108	9	0	4	3	12	1	0	24	19712
1.087	1	0	3	3	108	9	0	7	2	13	1	0	24	13140
1.087	1	0	4	2	108	9	0	9	2	13	1	0	24	13140
1.087	1	0	5	1	108	9	0	11	2	15	1	0	24	13140
1.087	3	0	6	5	108	9	0	1	3	13	1	0	16	10514
1.087	3	0	7	4	108	9	0	4	3	11	1	0	12	6483
1.087	3	0	8	3	108	9	0	7	2	14	1	0	24	13140
1.087	3	0	9	2	108	9	0	9	2	12	1	0	4	1110
1.087	3	0	10	1	108	9	0	11	2	13	1	0	28	16118
1.089	1	0	1	5	109	1	0	1	3	13	1	0	24	19712
1.089	1	0	2	4	109	1	0	4	3	13	1	0	24	19712
1.089	1	0	3	3	109	1	0	7	2	14	1	0	2	641
1.089	1	0	4	2	109	1	0	9	2	11	1	0	4	1110
1.089	1	0	5	1	109	1	0	11	2	13	1	0	2	641
1.09	1	0	1	5	109	2	0	1	3	14	1	0	14	8412
1.09	1	0	2	4	109	2	0	4	3	14	1	0	14	8412
1.09	1	0	3	3	109	2	0	7	2	12	1	0	2	641
1.09	1	0	4	2	109	2	0	9	2	12	1	0	4	1110
1.09	1	0	5	1	109	2	0	11	2	11	1	0	2	641
1.091	1	0	1	5	109	3	0	1	3	15	1	0	18	11827
1.091	1	0	2	4	109	3	0	4	2	15	1	0	14	5607
1.091	1	0	3	3	109	3	0	6	2	15	1	0	2	641
1.091	1	0	4	2	109	3	0	8	2	14	1	0	6	1752
1.091	1	0	5	1	109	3	0	10	2	12	1	0	2	641
1.094	1	0	1	5	109	6	0	1	3	13	1	0	14	8412
1.094	1	0	2	4	109	6	0	4	3	13	1	0	14	8412
1.094	1	0	3	3	109	6	0	7	2	14	1	0	28	16118
1.094	1	0	4	2	109	6	0	9	2	15	1	0	28	16118
1.094	1	0	5	1	109	6	0	11	2	14	1	0	28	16118
1.094	3	0	6	5	109	6	0	1	3	15	1	0	16	10514
1.094	3	0	7	4	109	6	0	4	3	15	1	0	12	6483
1.094	3	0	8	3	109	6	0	7	2	12	1	0	0	466
1.094	3	0	9	2	109	6	0	9	2	15	1	0	4	1110
1.094	3	0	10	1	109	6	0	11	2	15	1	0	28	16118
1.095	1	0	1	5	109	7	0	1	3	14	1	0	24	19712
1.095	1	0	2	4	109	7	0	4	3	14	1	0	24	19712
1.095	1	0	3	3	109	7	0	7	2	12	1	0	24	13140
1.095	1	0	4	2	109	7	0	9	2	12	1	0	24	13140
1.095	1	0	5	1	109	7	0	11	2	13	1	0	24	13140
1.095	3	0	6	5	109	7	0	1	3	14	1	0	16	10514
1.095	3	0	7	4	109	7	0	4	3	14	1	0	12	6483
1.095	3	0	8	3	109	7	0	7	2	11	1	0	24	13140
1.095	3	0	9	2	109	7	0	9	2	14	1	0	4	1110
1.095	3	0	10	1	109	7	0	11	2	14	1	0	28	16118
1.096	1	0	1	5	109	8	0	1	3	15	1	0	20	14456
1.096	1	0	2	4	109	8	0	4	3	15	1	0	20	14456
1.096	1	0	3	3	109	8	0	7	2	15	1	0	14	5607
1.096	1	0	4	2	109	8	0	9	2	14	1	0	14	5607
1.096	1	0	5	1	109	8	0	11	2	12	1	0	14	5607
1.096	3	0	6	5	109	8	0	1	3	13	1	0	16	10514
1.096	3	0	7	4	109	8	0	4	3	13	1	0	28	24179
1.096	3	0	8	3	109	8	0	7	2	15	1	0	20	9637
1.096	3	0	9	2	109	8	0	9	2	13	1	0	4	1110
1.096	3	0	10	1	109	8	0	11	2	13	1	0	28	16118
1.097	1	0	1	5	109	9	0	1	3	12	1	0	24	19712
1.097	1	0	2	4	109	9	0	4	3	12	1	0	24	19712
1.097	1	0	3	3	109	9	0	7	2	13	1	0	24	13140
1.097	1	0	4	2	109	9	0	9	2	13	1	0	24	13140
1.097	1	0	5	1	109	9	0	11	2	11	1	0	24	13140
1.098	3	0	6	5	110	0	0	1	3	12	1	0	16	10514
1.098	3	0	7	4	110	0	0	4	3	12	1	0	28	24179
1.098	3	0	8	3	110	0	0	7	2	13	1	0	0	466
1.098	3	0	9	2	110	0	0	9	2	12	1	0	4	1110
1.098	3	0	10	1	110	0	0	11	2	12	1	0	28	16118
1.102	3	0	6	5	110	4	0	1	3	15	1	0	16	10514
1.102	3	0	7	4	110	4	0	4	3	15	1	0	12	6483
1.102	3	0	8	3	110	4	0	7	2	14	1	0	0	466
1.102	3	0	9	2	110	4	0	9	2	15	1	0	4	1110
1.102	3	0	10	1	110	4	0	11	2	15	1	0	28	16118
1.103	1	0	1	5	110	5	0	1	3	13	1	0	24	19712
1.103	1	0	2	4	110	5	0	4	3	13	1	0	24	19712
1.103	1	0	3	3	110	5	0	7	2	13	1	0	24	13140
1.103	1	0	4	2	110	5	0	9	2	13	1	0	24	13140
1.103	1	0	5	1	110	5	0	11	2	15	1	0	24	13140
1.104	3	0	6	5	110	6	0	1	3	14	1	0	24	19712
1.104	3	0	7	4	110	6	0	4	3	14	1	0	24	19712
1.104	3	0	8	3	110	6	0	7	2	13	1	0	24	13140
1.104	3	0	9	2	110	6	0	9	2	14	1	0	24	13140
1.104	3	0	10	1	110	6	0	11	2	14	1	0	28	16118
1.105	1	0	1	5	110	7	0	1	3	14	1	0	24	19712
1.105	1	0	2	4	110	7	0	4	3	14	1	0	24	19712
1.105	1	0	3	3	110	7	0	7	2	12	1	0	20	9637
1.105	1	0	4	2	110	7	0	9	2	15	1	0	20	9637
1.105	1	0	5	1	110	7	0	11	2	14	1	0	20	9637
1.106	1	0	1	5	110	8	0	1	3	15	1	0	24	19712
1.106	1	0	2	4	110	8	0	4	3	15	1	0	24	19712
1.106	1	0	3	3	110	8	0	7	2	15	1	0	22	11390
1.106	1	0	4	2	110	8	0	9	2	12	1	0	22	11390
1.106	1	0	5	1	110	8	0	11	2	13	1	0	20	9637
1.107	1	0	1	5	110	9	0	1	3	12	1	0	28	24179
1.107	1	0	2	4	110	9	0	4	3	12	1	0	28	24179
1.107	1	0	3	3	110	9	0	7	2	11	1	0	28	16118
1.107	1	0	4	2	110	9	0	9	2	14	1	0	22	11390
1.107	1	0	5	1	110	9	0	11	2	12	1	0	28	16118
1.107	3	0	6	5	110	9	0	1	3	15	1	0	24	19712
1.107	3	0	7	4	110	9	0	4	3	15	1	0	12	6483
1.107	3	0	8	3	110	9	0	7	2	14	1	0	0	466
1.107	3	0	9	2	110	9	0	9	2	15	1	0	24	13140
1.107	3	0	10	1	110	9	0	11	2	15	1	0	28	16118
1.108	3	0	6	5	111	0	0	1	3	13	1	0	22	17083
1.108	3	0	7	4	111	0	0	4	2	12	1	0	20	9637
1.108	3	0	8	3	111	0	0	6	2	12	1	0	20	9637
1.108	3	0	9	2	111	0	0	8	2	13	1	0	20	9637
1.108	3	0	10	1	111	0	0	10	2	13	1	0	28	16118
1.109	3	0	6	5	111	1	0	1	3	14	1	0	22	17083
1.109	3	0	7	4	111	1	0	4	3	14	1	0	28	24179
1.109	3	0	8	3	111	1	0	7	2	13	1	0	20	9637
1.109	3	0	9	2	111	1	0	9	2	14	1	0	20	9637
1.109	3	0	10	1	111	1	0	11	2	14	1	0	28	16118
1.11	1	0	1	5	111	2	0	1	3	14	1	0	22	17083
1.11	1	0	2	4	111	2	0	4	3	14	1	0	22	17083
1.11	1	0	3	3	111	2	0	7	2	14	1	0	26	14893
1.11	1	0	4	2	111	2	0	9	2	15	1	0	22	11390
1.11	1	0	5	1	111	2	0	11	2	14	1	0	22	11390
1.11	3	0	6	5	111	2	0	1	3	12	1	0	24	19712
1.11	3	0	7	4	111	2	0	4	3	11	1	0	24	19712
1.11	3	0	8	3	111	2	0	7	2	11	1	0	24	13140
1.11	3	0	9	2	111	2	0	9	2	12	1	0	24	13140
1.11	3	0	10	1	111	2	0	11	2	12	1	0	28	16118
1.111	3	0	6	5	111	3	0	1	3	11	1	0	24	19712
1.111	3	0	7	4	111	3	0	4	3	13	1	0	24	19712
1.111	3	0	8	3	111	3	0	7	2	15	1	0	24	13140
1.111	3	0	9	2	111	3	0	9	2	11	1	0	24	13140
1.111	3	0	10	1	111	3	0	11	2	11	1	0	28	16118
1.114	1	0	1	5	111	6	0	1	3	13	1	0	28	24179
1.114	1	0	2	4	111	6	0	4	3	13	1	0	28	24179
1.114	1	0	3	3	111	6	0	7	2	13	1	0	28	16118
1.114	1	0	4	2	111	6	0	9	2	13	1	0	28	16118
1.114	1	0	5	1	111	6	0	11	2	15	1	0	2	641
1.118	3	0	6	5	112	0	0	1	3	15	1	0	18	11827
1.118	3	0	7	4	112	0	0	4	3	15	1	0	12	6483
1.118	3	0	8	3	112	0	0	7	2	13	1	0	0	466
1.118	3	0	9	2	112	0	0	9	2	14	1	0	2	641
1.118	3	0	10	1	112	0	0	11	2	15	1	0	28	16118
1.119	3	0	6	5	112	1	0	1	3	14	1	0	20	14456
1.119	3	0	7	4	112	1	0	4	2	14	1	0	14	5607
1.119	3	0	8	3	112	1	0	6	2	12	1	0	8	2570
1.119	3	0	9	2	112	1	0	8	2	13	1	0	8	2570
1.119	3	0	10	1	112	1	0	10	2	14	1	0	28	16118
1.121	3	0	6	5	112	3	0	1	3	13	1	0	16	10514
1.121	3	0	7	4	112	3	0	4	3	13	1	0	10	5258
1.121	3	0	8	3	112	3	0	7	2	15	1	0	0	466
1.121	3	0	9	2	112	3	0	9	2	11	1	0	4	1110
1.121	3	0	10	1	112	3	0	11	2	13	1	0	28	16118
1.122	1	0	1	5	112	4	0	1	3	15	1	0	12	6483
1.122	1	0	2	4	112	4	0	4	3	15	1	0	12	6483
1.122	1	0	3	3	112	4	0	7	2	15	1	0	8	2570
1.122	1	0	4	2	112	4	0	9	2	12	1	0	4	1110
1.122	1	0	5	1	112	4	0	11	2	15	1	0	0	466
1.123	1	0	1	5	112	5	0	1	3	14	1	0	20	14456
1.123	1	0	2	4	112	5	0	4	3	14	1	0	18	11827
1.123	1	0	3	3	112	5	0	7	2	12	1	0	8	2570
1.123	1	0	4	2	112	5	0	9	2	14	1	0	4	1110
1.123	1	0	5	1	112	5	0	11	2	13	1	0	0	466
1.123	3	0	6	5	112	5	0	1	3	15	1	0	24	19712
1.123	3	0	7	4	112	5	0	4	3	15	1	0	24	19712
1.123	3	0	8	3	112	5	0	7	2	14	1	0	0	466
1.123	3	0	9	2	112	5	0	9	2	14	1	0	4	1110
1.123	3	0	10	1	112	5	0	11	2	15	1	0	28	16118
1.124	1	0	1	5	112	6	0	1	3	13	1	0	20	14456
1.124	1	0	2	4	112	6	0	4	3	13	1	0	18	11827
1.124	1	0	3	3	112	6	0	7	2	13	1	0	8	2570
1.124	1	0	4	2	112	6	0	9	2	13	1	0	22	11390
1.124	1	0	5	1	112	6	0	11	2	12	1	0	28	16118
1.126	1	0	1	5	112	8	0	1	3	12	1	0	28	24179
1.126	1	0	2	4	112	8	0	4	3	12	1	0	28	24179
1.126	1	0	3	3	112	8	0	7	2	14	1	0	28	16118
1.126	1	0	4	2	112	8	0	9	2	11	1	0	2	641
1.126	1	0	5	1	112	8	0	11	2	11	1	0	0	466
1.126	3	0	6	5	112	8	0	1	3	13	1	0	16	10514
1.126	3	0	7	4	112	8	0	4	3	13	1	0	12	6483
1.126	3	0	8	3	112	8	0	7	2	15	1	0	0	466
1.126	3	0	9	2	112	8	0	9	2	11	1	0	0	466
1.126	3	0	10	1	112	8	0	11	2	14	1	0	28	16118
1.127	1	0	1	5	112	9	0	1	3	15	1	0	28	24179
1.127	1	0	2	4	112	9	0	4	3	15	1	0	28	24179
1.127	1	0	3	3	112	9	0	7	2	15	1	0	26	14893
1.127	1	0	4	2	112	9	0	9	2	12	1	0	2	641
1.127	1	0	5	1	112	9	0	11	2	15	1	0	0	466
1.127	3	0	6	5	112	9	0	1	3	12	1	0	24	19712
1.127	3	0	7	4	112	9	0	4	3	12	1	0	24	19712
1.127	3	0	8	3	112	9	0	7	2	13	1	0	24	13140
1.127	3	0	9	2	112	9	0	9	2	15	1	0	24	13140
1.127	3	0	10	1	112	9	0	11	2	13	1	0	28	16118
1.129	3	0	6	5	113	1	0	1	3	14	1	0	16	10514
1.129	3	0	7	4	113	1	0	4	3	14	1	0	12	6483
1.129	3	0	8	3	113	1	0	7	2	12	1	0	0	466
1.129	3	0	9	2	113	1	0	9	2	14	1	0	4	1110
1.129	3	0	10	1	113	1	0	11	2	15	1	0	28	16118
1.13	3	0	6	5	113	2	0	1	3	11	1	0	24	19712
1.13	3	0	7	4	113	2	0	4	3	11	1	0	28	24179
1.13	3	0	8	3	113	2	0	7	2	11	1	0	14	5607
1.13	3	0	9	2	113	2	0	9	2	13	1	0	16	7008
1.13	3	0	10	1	113	2	0	11	2	12	1	0	28	16118
1.134	1	0	1	5	113	6	0	1	3	14	1	0	16	10514
1.134	1	0	2	4	113	6	0	4	3	14	1	0	14	8412
1.134	1	0	3	3	113	6	0	7	2	13	1	0	2	641
1.134	1	0	4	2	113	6	0	9	2	15	1	0	2	641
1.134	1	0	5	1	113	6	0	11	2	15	1	0	2	641
1.134	3	0	6	5	113	6	0	1	3	15	1	0	16	10514
1.134	3	0	7	4	113	6	0	4	3	14	1	0	8	3854
1.134	3	0	8	3	113	6	0	7	2	12	1	0	0	466
1.134	3	0	9	2	113	6	0	9	2	14	1	0	4	1110
1.134	3	0	10	1	113	6	0	11	2	15	1	0	28	16118
1.135	1	0	1	5	113	7	0	1	3	13	1	0	20	14456
1.135	1	0	2	4	113	7	0	4	2	13	1	0	28	16118
1.135	1	0	3	3	113	7	0	6	2	11	1	0	16	7008
1.135	1	0	4	2	113	7	0	8	2	14	1	0	18	7885
1.135	1	0	5	1	113	7	0	10	2	14	1	0	2	641
1.136	3	0	6	5	113	8	0	1	3	14	1	0	24	19712
1.136	3	0	7	4	113	8	0	4	3	13	1	0	24	19712
1.136	3	0	8	3	113	8	0	7	2	15	1	0	24	13140
1.136	3	0	9	2	113	8	0	9	2	13	1	0	24	13140
1.136	3	0	10	1	113	8	0	11	2	14	1	0	28	16118
1.138	1	0	1	5	114	0	0	1	3	11	1	0	16	10514
1.138	1	0	2	4	114	0	0	4	3	12	1	0	14	8412
1.138	1	0	3	3	114	0	0	7	2	12	1	0	2	641
1.138	1	0	4	2	114	0	0	9	2	13	1	0	18	7885
1.138	1	0	5	1	114	0	0	11	2	13	1	0	28	16118
1.138	3	0	6	5	114	0	0	1	3	13	1	0	18	11827
1.138	3	0	7	4	114	0	0	4	3	15	1	0	12	6483
1.138	3	0	8	3	114	0	0	7	2	14	1	0	2	641
1.138	3	0	9	2	114	0	0	9	2	15	1	0	4	1110
1.138	3	0	10	1	114	0	0	11	2	13	1	0	28	16118
1.14	3	0	6	5	114	2	0	1	3	15	1	0	16	10514
1.14	3	0	7	4	114	2	0	4	3	14	1	0	12	6483
1.14	3	0	8	3	114	2	0	7	2	11	1	0	0	466
1.14	3	0	9	2	114	2	0	9	2	14	1	0	4	1110
1.14	3	0	10	1	114	2	0	11	2	15	1	0	28	16118
1.141	1	0	1	5	114	3	0	1	3	13	1	0	22	17083
1.141	1	0	2	4	114	3	0	4	3	14	1	0	22	17083
1.141	1	0	3	3	114	3	0	7	2	14	1	0	22	11390
1.141	1	0	4	2	114	3	0	9	2	15	1	0	22	11390
1.141	1	0	5	1	114	3	0	11	2	15	1	0	22	11390
1.142	1	0	1	5	114	4	0	1	3	15	1	0	26	22338
1.142	1	0	2	4	114	4	0	4	3	15	1	0	22	17083
1.142	1	0	3	3	114	4	0	7	2	15	1	0	22	11390
1.142	1	0	4	2	114	4	0	9	2	14	1	0	22	11390
1.142	1	0	5	1	114	4	0	11	2	14	1	0	22	11390
1.142	3	0	6	5	114	4	0	1	3	12	1	0	20	14456
1.142	3	0	7	4	114	4	0	4	3	12	1	0	20	14456
1.142	3	0	8	3	114	4	0	7	2	13	1	0	8	2570
1.142	3	0	9	2	114	4	0	9	2	12	1	0	14	5607
1.142	3	0	10	1	114	4	0	11	2	14	1	0	28	16118
1.144	1	0	1	5	114	6	0	1	3	14	1	0	14	8412
1.144	1	0	2	4	114	6	0	4	3	12	1	0	14	8412
1.144	1	0	3	3	114	6	0	7	2	13	1	0	2	641
1.144	1	0	4	2	114	6	0	9	2	12	1	0	4	1110
1.144	1	0	5	1	114	6	0	11	2	12	1	0	2	641
1.145	1	0	1	5	114	7	0	1	3	12	1	0	18	11827
1.145	1	0	2	4	114	7	0	4	3	13	1	0	14	8412
1.145	1	0	3	3	114	7	0	7	2	12	1	0	2	641
1.145	1	0	4	2	114	7	0	9	2	11	1	0	4	1110
1.145	1	0	5	1	114	7	0	11	2	11	1	0	2	641
1.145	3	0	6	5	114	7	0	1	3	15	1	0	16	10514
1.145	3	0	7	4	114	7	0	4	3	15	1	0	12	6483
1.145	3	0	8	3	114	7	0	7	2	11	1	0	0	466
1.145	3	0	9	2	114	7	0	9	2	15	1	0	4	1110
1.145	3	0	10	1	114	7	0	11	2	15	1	0	28	16118
1.146	3	0	6	5	114	8	0	1	3	14	1	0	24	19712
1.146	3	0	7	4	114	8	0	4	3	14	1	0	24	19712
1.146	3	0	8	3	114	8	0	7	2	15	1	0	24	13140
1.146	3	0	9	2	114	8	0	9	2	14	1	0	24	13140
1.146	3	0	10	1	114	8	0	11	2	13	1	0	28	16118
1.149	3	0	6	5	115	1	0	1	3	13	1	0	16	10514
1.149	3	0	7	4	115	1	0	4	3	13	1	0	12	6483
1.149	3	0	8	3	115	1	0	7	2	12	1	0	0	466
1.149	3	0	9	2	115	1	0	9	2	13	1	0	4	1110
1.149	3	0	10	1	115	1	0	11	2	14	1	0	28	16118
1.151	1	0	1	5	115	3	0	1	3	14	1	0	14	8412
1.151	1	0	2	4	115	3	0	4	3	14	1	0	14	8412
1.151	1	0	3	3	115	3	0	7	2	14	1	0	2	641
1.151	1	0	4	2	115	3	0	9	2	15	1	0	4	1110
1.151	1	0	5	1	115	3	0	11	2	13	1	0	2	641
1.153	3	0	6	5	115	5	0	1	3	15	1	0	14	8412
1.153	3	0	7	4	115	5	0	4	3	15	1	0	8	3854
1.153	3	0	8	3	115	5	0	7	2	14	1	0	0	466
1.153	3	0	9	2	115	5	0	9	2	15	1	0	0	466
1.153	3	0	10	1	115	5	0	11	2	15	1	0	28	16118
1.154	1	0	1	5	115	6	0	1	3	15	1	0	16	10514
1.154	1	0	2	4	115	6	0	4	3	15	1	0	14	8412
1.154	1	0	3	3	115	6	0	7	2	13	1	0	2	641
1.154	1	0	4	2	115	6	0	9	2	14	1	0	8	2570
1.154	1	0	5	1	115	6	0	11	2	14	1	0	8	2570
1.154	3	0	6	5	115	6	0	1	3	13	1	0	14	8412
1.154	3	0	7	4	115	6	0	4	3	13	1	0	8	3854
1.154	3	0	8	3	115	6	0	7	2	12	1	0	0	466
1.154	3	0	9	2	115	6	0	9	2	13	1	0	0	466
1.154	3	0	10	1	115	6	0	11	2	14	1	0	28	16118
1.155	1	0	1	5	115	7	0	1	3	13	1	0	16	10514
1.155	1	0	2	4	115	7	0	4	3	13	1	0	14	8412
1.155	1	0	3	3	115	7	0	7	2	12	1	0	2	641
1.155	1	0	4	2	115	7	0	9	2	12	1	0	26	14893
1.155	1	0	5	1	115	7	0	11	2	12	1	0	8	2570
1.156	1	0	1	5	115	8	0	1	3	14	1	0	18	11827
1.156	1	0	2	4	115	8	0	4	3	14	1	0	14	8412
1.156	1	0	3	3	115	8	0	7	2	14	1	0	2	641
1.156	1	0	4	2	115	8	0	9	2	15	1	0	26	14893
1.156	1	0	5	1	115	8	0	11	2	13	1	0	8	2570
1.156	3	0	6	5	115	8	0	1	3	14	1	0	24	19712
1.156	3	0	7	4	115	8	0	4	3	14	1	0	24	19712
1.156	3	0	8	3	115	8	0	7	2	15	1	0	0	466
1.156	3	0	9	2	115	8	0	9	2	14	1	0	24	13140
1.156	3	0	10	1	115	8	0	11	2	13	1	0	28	16118
1.157	3	0	6	5	115	9	0	1	3	12	1	0	24	19712
1.157	3	0	7	4	115	9	0	4	3	12	1	0	26	22338
1.157	3	0	8	3	115	9	0	7	2	13	1	0	16	7008
1.157	3	0	9	2	115	9	0	9	2	12	1	0	16	7008
1.157	3	0	10	1	115	9	0	11	2	12	1	0	28	16118
1.158	1	0	1	5	116	0	0	1	3	12	1	0	16	10514
1.158	1	0	2	4	116	0	0	4	3	12	1	0	14	8412
1.158	1	0	3	3	116	0	0	7	2	11	1	0	2	641
1.158	1	0	4	2	116	0	0	9	2	13	1	0	4	1110
1.158	1	0	5	1	116	0	0	11	2	11	1	0	2	641
1.158	3	0	6	5	116	0	0	1	3	15	1	0	24	19712
1.158	3	0	7	4	116	0	0	4	3	15	1	0	26	22338
1.158	3	0	8	3	116	0	0	7	2	14	1	0	28	16118
1.158	3	0	9	2	116	0	0	9	2	15	1	0	28	16118
1.158	3	0	10	1	116	0	0	11	2	15	1	0	28	16118
1.16	3	0	6	5	116	2	0	1	3	13	1	0	16	10514
1.16	3	0	7	4	116	2	0	4	3	13	1	0	12	6483
1.16	3	0	8	3	116	2	0	7	2	11	1	0	0	466
1.16	3	0	9	2	116	2	0	9	2	13	1	0	4	1110
1.16	3	0	10	1	116	2	0	11	2	14	1	0	28	16118
1.162	1	0	1	5	116	4	0	1	3	15	1	0	16	10514
1.162	1	0	2	4	116	4	0	4	3	15	1	0	14	8412
1.162	1	0	3	3	116	4	0	7	2	15	1	0	2	641
1.162	1	0	4	2	116	4	0	9	2	11	1	0	4	1110
1.162	1	0	5	1	116	4	0	11	2	15	1	0	2	641
1.163	1	0	1	5	116	5	0	1	3	13	1	0	16	10514
1.163	1	0	2	4	116	5	0	4	3	14	1	0	14	8412
1.163	1	0	3	3	116	5	0	7	2	14	1	0	22	11390
1.163	1	0	4	2	116	5	0	9	2	13	1	0	4	1110
1.163	1	0	5	1	116	5	0	11	2	12	1	0	28	16118
1.165	1	0	1	5	116	7	0	1	3	12	1	0	16	10514
1.165	1	0	2	4	116	7	0	4	3	13	1	0	14	8412
1.165	1	0	3	3	116	7	0	7	2	13	1	0	2	641
1.165	1	0	4	2	116	7	0	9	2	12	1	0	8	2570
1.165	1	0	5	1	116	7	0	11	2	14	1	0	8	2570
1.165	3	0	6	5	116	7	0	1	3	13	1	0	16	10514
1.165	3	0	7	4	116	7	0	4	3	13	1	0	14	8412
1.165	3	0	8	3	116	7	0	7	2	11	1	0	0	466
1.165	3	0	9	2	116	7	0	9	2	13	1	0	4	1110
1.165	3	0	10	1	116	7	0	11	2	15	1	0	28	16118
1.167	1	0	1	5	116	9	0	1	3	15	1	0	16	10514
1.167	1	0	2	4	116	9	0	4	3	15	1	0	14	8412
1.167	1	0	3	3	116	9	0	7	2	15	1	0	2	641
1.167	1	0	4	2	116	9	0	9	2	11	1	0	6	1752
1.167	1	0	5	1	116	9	0	11	2	15	1	0	2	641
1.167	3	0	6	5	116	9	0	1	3	14	1	0	18	11827
1.167	3	0	7	4	116	9	0	4	3	12	1	0	14	8412
1.167	3	0	8	3	116	9	0	7	2	15	1	0	4	1110
1.167	3	0	9	2	116	9	0	9	2	14	1	0	4	1110
1.167	3	0	10	1	116	9	0	11	2	14	1	0	28	16118
1.169	1	0	1	5	117	1	0	1	3	14	1	0	16	10514
1.169	1	0	2	4	117	1	0	4	3	14	1	0	14	8412
1.169	1	0	3	3	117	1	0	7	2	12	1	0	4	1110
1.169	1	0	4	2	117	1	0	9	2	14	1	0	4	1110
1.169	1	0	5	1	117	1	0	11	2	11	1	0	4	1110
1.169	3	0	6	5	117	1	0	1	3	15	1	0	24	19712
1.169	3	0	7	4	117	1	0	4	3	15	1	0	28	24179
1.169	3	0	8	3	117	1	0	7	2	13	1	0	14	5607
1.169	3	0	9	2	117	1	0	9	2	12	1	0	16	7008
1.169	3	0	10	1	117	1	0	11	2	13	1	0	28	16118
1.171	3	0	6	5	117	3	0	1	3	13	1	0	16	10514
1.171	3	0	7	4	117	3	0	4	2	14	1	0	12	4323
1.171	3	0	8	3	117	3	0	6	2	12	1	0	0	466
1.171	3	0	9	2	117	3	0	8	2	13	1	0	4	1110
1.171	3	0	10	1	117	3	0	10	2	15	1	0	28	16118
1.173	1	0	1	5	117	5	0	1	3	15	1	0	16	10514
1.173	1	0	2	4	117	5	0	4	3	15	1	0	14	8412
1.173	1	0	3	3	117	5	0	7	2	15	1	0	2	641
1.173	1	0	4	2	117	5	0	9	2	13	1	0	4	1110
1.173	1	0	5	1	117	5	0	11	2	15	1	0	2	641
1.175	3	0	6	5	117	7	0	1	3	12	1	0	16	10514
1.175	3	0	7	4	117	7	0	4	3	13	1	0	12	6483
1.175	3	0	8	3	117	7	0	7	2	11	1	0	0	466
1.175	3	0	9	2	117	7	0	9	2	15	1	0	4	1110
1.175	3	0	10	1	117	7	0	11	2	14	1	0	28	16118
1.176	1	0	1	5	117	8	0	1	3	14	1	0	16	10514
1.176	1	0	2	4	117	8	0	4	3	14	1	0	14	8412
1.176	1	0	3	3	117	8	0	7	2	14	1	0	2	641
1.176	1	0	4	2	117	8	0	9	2	15	1	0	4	1110
1.176	1	0	5	1	117	8	0	11	2	13	1	0	2	641
1.176	3	0	6	5	117	8	0	1	3	13	1	0	16	10514
1.176	3	0	7	4	117	8	0	4	3	14	1	0	12	6483
1.176	3	0	8	3	117	8	0	7	2	12	1	0	2	641
1.176	3	0	9	2	117	8	0	9	2	14	1	0	4	1110
1.176	3	0	10	1	117	8	0	11	2	15	1	0	28	16118
1.177	1	0	1	5	117	9	0	1	3	13	1	0	16	10514
1.177	1	0	2	4	117	9	0	4	3	13	1	0	14	8412
1.177	1	0	3	3	117	9	0	7	2	13	1	0	2	641
1.177	1	0	4	2	117	9	0	9	2	14	1	0	26	14893
1.177	1	0	5	1	117	9	0	11	2	12	1	0	2	641
1.177	3	0	6	5	117	9	0	1	3	14	1	0	24	19712
1.177	3	0	7	4	117	9	0	4	3	12	1	0	24	19712
1.177	3	0	8	3	117	9	0	7	2	15	1	0	24	13140
1.177	3	0	9	2	117	9	0	9	2	13	1	0	24	13140
1.177	3	0	10	1	117	9	0	11	2	13	1	0	28	16118
1.178	1	0	1	5	118	0	0	1	3	15	1	0	16	10514
1.178	1	0	2	4	118	0	0	4	3	15	1	0	14	8412
1.178	1	0	3	3	118	0	0	7	2	15	1	0	2	641
1.178	1	0	4	2	118	0	0	9	2	13	1	0	8	2570
1.178	1	0	5	1	118	0	0	11	2	15	1	0	2	641
1.178	3	0	6	5	118	0	0	1	3	11	1	0	24	19712
1.178	3	0	7	4	118	0	0	4	3	11	1	0	22	17083
1.178	3	0	8	3	118	0	0	7	2	14	1	0	22	11390
1.178	3	0	9	2	118	0	0	9	2	11	1	0	24	13140
1.178	3	0	10	1	118	0	0	11	2	12	1	0	28	16118
1.179	1	0	1	5	118	1	0	1	3	12	1	0	24	19712
1.179	1	0	2	4	118	1	0	4	2	12	1	0	24	13140
1.179	1	0	3	3	118	1	0	6	2	12	1	0	24	13140
1.179	1	0	4	2	118	1	0	8	2	12	1	0	24	13140
1.179	1	0	5	1	118	1	0	10	2	11	1	0	24	13140
1.18	1	0	1	5	118	2	0	1	3	11	1	0	24	19712
1.18	1	0	2	4	118	2	0	4	3	11	1	0	24	19712
1.18	1	0	3	3	118	2	0	7	2	11	1	0	6	1752
1.18	1	0	4	2	118	2	0	9	2	11	1	0	24	13140
1.18	1	0	5	1	118	2	0	11	2	14	1	0	6	1752
1.18	3	0	6	5	118	2	0	1	3	15	1	0	20	14456
1.18	3	0	7	4	118	2	0	4	3	13	1	0	20	14456
1.18	3	0	8	3	118	2	0	7	2	13	1	0	14	5607
1.18	3	0	9	2	118	2	0	9	2	15	1	0	14	5607
1.18	3	0	10	1	118	2	0	11	2	14	1	0	28	16118
1.181	1	0	1	5	118	3	0	1	3	14	1	0	24	19712
1.181	1	0	2	4	118	3	0	4	3	14	1	0	24	19712
1.181	1	0	3	3	118	3	0	7	2	14	1	0	6	1752
1.181	1	0	4	2	118	3	0	9	2	15	1	0	24	13140
1.181	1	0	5	1	118	3	0	11	2	13	1	0	28	16118
1.184	3	0	6	5	118	6	0	1	3	13	1	0	16	10514
1.184	3	0	7	4	118	6	0	4	3	15	1	0	12	6483
1.184	3	0	8	3	118	6	0	7	2	11	1	0	0	466
1.184	3	0	9	2	118	6	0	9	2	14	1	0	4	1110
1.184	3	0	10	1	118	6	0	11	2	15	1	0	28	16118
1.186	3	0	6	5	118	8	0	1	3	12	1	0	16	10514
1.186	3	0	7	4	118	8	0	4	3	14	1	0	12	6483
1.186	3	0	8	3	118	8	0	7	2	12	1	0	0	466
1.186	3	0	9	2	118	8	0	9	2	12	1	0	4	1110
1.186	3	0	10	1	118	8	0	11	2	14	1	0	28	16118
1.187	3	0	6	5	118	9	0	1	3	14	1	0	16	10514
1.187	3	0	7	4	118	9	0	4	3	12	1	0	12	6483
1.187	3	0	8	3	118	9	0	7	2	15	1	0	24	13140
1.187	3	0	9	2	118	9	0	9	2	13	1	0	4	1110
1.187	3	0	10	1	118	9	0	11	2	13	1	0	28	16118
1.188	1	0	1	5	119	0	0	1	3	15	1	0	24	19712
1.188	1	0	2	4	119	0	0	4	3	15	1	0	24	19712
1.188	1	0	3	3	119	0	0	7	2	15	1	0	24	13140
1.188	1	0	4	2	119	0	0	9	2	15	1	0	10	3505
1.188	1	0	5	1	119	0	0	11	2	15	1	0	28	16118
1.188	3	0	6	5	119	0	0	1	3	11	1	0	24	19712
1.188	3	0	7	4	119	0	0	4	2	11	1	0	24	13140
1.188	3	0	8	3	119	0	0	6	2	14	1	0	22	11390
1.188	3	0	9	2	119	0	0	8	2	11	1	0	22	11390
1.188	3	0	10	1	119	0	0	10	2	12	1	0	28	16118
1.189	1	0	1	5	119	1	0	1	3	14	1	0	24	19712
1.189	1	0	2	4	119	1	0	4	3	14	1	0	24	19712
1.189	1	0	3	3	119	1	0	7	2	14	1	0	24	13140
1.189	1	0	4	2	119	1	0	9	2	13	1	0	10	3505
1.189	1	0	5	1	119	1	0	11	2	13	1	0	28	16118
1.191	1	0	1	5	119	3	0	1	3	13	1	0	16	10514
1.191	1	0	2	4	119	3	0	4	3	13	1	0	16	10514
1.191	1	0	3	3	119	3	0	7	2	13	1	0	2	641
1.191	1	0	4	2	119	3	0	9	2	12	1	0	18	7885
1.191	1	0	5	1	119	3	0	11	2	14	1	0	2	641
1.191	3	0	6	5	119	3	0	1	3	15	1	0	16	10514
1.191	3	0	7	4	119	3	0	4	3	15	1	0	10	5258
1.191	3	0	8	3	119	3	0	7	2	12	1	0	0	466
1.191	3	0	9	2	119	3	0	9	2	12	1	0	0	466
1.191	3	0	10	1	119	3	0	11	2	15	1	0	28	16118
1.192	1	0	1	5	119	4	0	1	3	12	1	0	16	10514
1.192	1	0	2	4	119	4	0	4	3	12	1	0	16	10514
1.192	1	0	3	3	119	4	0	7	2	12	1	0	2	641
1.192	1	0	4	2	119	4	0	9	2	14	1	0	26	14893
1.192	1	0	5	1	119	4	0	11	2	12	1	0	2	641
1.192	3	0	6	5	119	4	0	1	3	14	1	0	24	19712
1.192	3	0	7	4	119	4	0	4	3	14	1	0	24	19712
1.192	3	0	8	3	119	4	0	7	2	15	1	0	24	13140
1.192	3	0	9	2	119	4	0	9	2	13	1	0	24	13140
1.192	3	0	10	1	119	4	0	11	2	14	1	0	28	16118
1.194	3	0	6	5	119	6	0	1	3	13	1	0	16	10514
1.194	3	0	7	4	119	6	0	4	3	13	1	0	12	6483
1.194	3	0	8	3	119	6	0	7	2	11	1	0	16	7008
1.194	3	0	9	2	119	6	0	9	2	14	1	0	18	7885
1.194	3	0	10	1	119	6	0	11	2	13	1	0	28	16118
1.195	1	0	1	5	119	7	0	1	3	11	1	0	22	17083
1.195	1	0	2	4	119	7	0	4	3	15	1	0	22	17083
1.195	1	0	3	3	119	7	0	7	2	11	1	0	20	9637
1.195	1	0	4	2	119	7	0	9	2	15	1	0	20	9637
1.195	1	0	5	1	119	7	0	11	2	15	1	0	20	9637
1.198	1	0	1	5	120	0	0	1	3	15	1	0	16	10514
1.198	1	0	2	4	120	0	0	4	3	11	1	0	14	8412
1.198	1	0	3	3	120	0	0	7	2	15	1	0	2	641
1.198	1	0	4	2	120	0	0	9	2	13	1	0	4	1110
1.198	1	0	5	1	120	0	0	11	2	14	1	0	2	641
1.199	1	0	1	5	120	1	0	1	3	14	1	0	18	11827
1.199	1	0	2	4	120	1	0	4	3	14	1	0	14	8412
1.199	1	0	3	3	120	1	0	7	2	14	1	0	4	1110
1.199	1	0	4	2	120	1	0	9	2	11	1	0	4	1110
1.199	1	0	5	1	120	1	0	11	2	13	1	0	2	641
1.2	1	0	1	5	120	2	0	1	3	13	1	0	22	17083
1.2	1	0	2	4	120	2	0	4	3	15	1	0	28	24179
1.2	1	0	3	3	120	2	0	7	2	13	1	0	18	7885
1.2	1	0	4	2	120	2	0	9	2	15	1	0	4	1110
1.2	1	0	5	1	120	2	0	11	2	15	1	0	28	16118
1.2	3	0	6	5	120	2	0	1	3	15	1	0	18	11827
1.2	3	0	7	4	120	2	0	4	3	15	1	0	12	6483
1.2	3	0	8	3	120	2	0	7	2	14	1	0	2	641
1.2	3	0	9	2	120	2	0	9	2	15	1	0	4	1110
1.2	3	0	10	1	120	2	0	11	2	15	1	0	28	16118
1.201	1	0	1	5	120	3	0	1	3	12	1	0	24	19712
1.201	1	0	2	4	120	3	0	4	3	13	1	0	24	19712
1.201	1	0	3	3	120	3	0	7	2	12	1	0	24	13140
1.201	1	0	4	2	120	3	0	9	2	12	1	0	24	13140
1.201	1	0	5	1	120	3	0	11	2	12	1	0	24	13140
1.202	3	0	6	5	120	4	0	1	3	14	1	0	18	11827
1.202	3	0	7	4	120	4	0	4	3	13	1	0	12	6483
1.202	3	0	8	3	120	4	0	7	2	15	1	0	0	466
1.202	3	0	9	2	120	4	0	9	2	13	1	0	4	1110
1.202	3	0	10	1	120	4	0	11	2	14	1	0	28	16118
1.203	1	0	1	5	120	5	0	1	3	15	1	0	24	19712
1.203	1	0	2	4	120	5	0	4	3	12	1	0	14	8412
1.203	1	0	3	3	120	5	0	7	2	15	1	0	24	13140
1.203	1	0	4	2	120	5	0	9	2	13	1	0	6	1752
1.203	1	0	5	1	120	5	0	11	2	14	1	0	24	13140
1.203	3	0	6	5	120	5	0	1	3	13	1	0	20	14456
1.203	3	0	7	4	120	5	0	4	3	14	1	0	14	8412
1.203	3	0	8	3	120	5	0	7	2	13	1	0	6	1752
1.203	3	0	9	2	120	5	0	9	2	12	1	0	8	2570
1.203	3	0	10	1	120	5	0	11	2	13	1	0	28	16118
1.204	1	0	1	5	120	6	0	1	3	14	1	0	24	19712
1.204	1	0	2	4	120	6	0	4	3	14	1	0	24	19712
1.204	1	0	3	3	120	6	0	7	2	14	1	0	24	13140
1.204	1	0	4	2	120	6	0	9	2	11	1	0	24	13140
1.204	1	0	5	1	120	6	0	11	2	13	1	0	24	13140
1.204	3	0	6	5	120	6	0	1	3	12	1	0	20	14456
1.204	3	0	7	4	120	6	0	4	3	12	1	0	28	24179
1.204	3	0	8	3	120	6	0	7	2	11	1	0	6	1752
1.204	3	0	9	2	120	6	0	9	2	14	1	0	8	2570
1.204	3	0	10	1	120	6	0	11	2	12	1	0	28	16118
1.206	1	0	1	5	120	8	0	1	3	12	1	0	16	10514
1.206	1	0	2	4	120	8	0	4	3	13	1	0	14	8412
1.206	1	0	3	3	120	8	0	7	2	12	1	0	2	641
1.206	1	0	4	2	120	8	0	9	2	15	1	0	4	1110
1.206	1	0	5	1	120	8	0	11	2	12	1	0	2	641
1.206	3	0	6	5	120	8	0	1	3	11	1	0	16	10514
1.206	3	0	7	4	120	8	0	4	3	15	1	0	12	6483
1.206	3	0	8	3	120	8	0	7	2	12	1	0	0	466
1.206	3	0	9	2	120	8	0	9	2	15	1	0	4	1110
1.206	3	0	10	1	120	8	0	11	2	15	1	0	28	16118
1.207	1	0	1	5	120	9	0	1	3	11	1	0	24	19712
1.207	1	0	2	4	120	9	0	4	3	11	1	0	24	19712
1.207	1	0	3	3	120	9	0	7	2	11	1	0	24	13140
1.207	1	0	4	2	120	9	0	9	2	14	1	0	24	13140
1.207	1	0	5	1	120	9	0	11	2	11	1	0	24	13140
1.207	3	0	6	5	120	9	0	1	3	14	1	0	16	10514
1.207	3	0	7	4	120	9	0	4	3	13	1	0	12	6483
1.207	3	0	8	3	120	9	0	7	2	15	1	0	24	13140
1.207	3	0	9	2	120	9	0	9	2	13	1	0	4	1110
1.207	3	0	10	1	120	9	0	11	2	14	1	0	28	16118
1.215	1	0	1	5	121	7	0	1	3	15	1	0	14	8412
1.215	1	0	2	4	121	7	0	4	2	15	1	0	10	3505
1.215	1	0	3	3	121	7	0	6	2	13	1	0	2	641
1.215	1	0	4	2	121	7	0	8	2	15	1	0	4	1110
1.215	1	0	5	1	121	7	0	10	2	15	1	0	2	641
1.215	3	0	6	5	121	7	0	1	3	15	1	0	16	10514
1.215	3	0	7	4	121	7	0	4	3	15	1	0	8	3854
1.215	3	0	8	3	121	7	0	7	2	14	1	0	0	466
1.215	3	0	9	2	121	7	0	9	2	15	1	0	4	1110
1.215	3	0	10	1	121	7	0	11	2	15	1	0	28	16118
1.217	1	0	1	5	121	9	0	1	3	14	1	0	14	8412
1.217	1	0	2	4	121	9	0	4	2	14	1	0	20	9637
1.217	1	0	3	3	121	9	0	6	2	12	1	0	2	641
1.217	1	0	4	2	121	9	0	8	2	13	1	0	4	1110
1.217	1	0	5	1	121	9	0	10	2	12	1	0	0	466
1.218	3	0	6	5	122	0	0	1	3	14	1	0	16	10514
1.218	3	0	7	4	122	0	0	4	3	14	1	0	8	3854
1.218	3	0	8	3	122	0	0	7	2	13	1	0	0	466
1.218	3	0	9	2	122	0	0	9	2	14	1	0	4	1110
1.218	3	0	10	1	122	0	0	11	2	14	1	0	28	16118
1.22	1	0	1	5	122	2	0	1	3	13	1	0	24	19712
1.22	1	0	2	4	122	2	0	4	3	15	1	0	24	19712
1.22	1	0	3	3	122	2	0	7	2	13	1	0	2	641
1.22	1	0	4	2	122	2	0	9	2	15	1	0	4	1110
1.22	1	0	5	1	122	2	0	11	2	15	1	0	20	9637
1.22	3	0	6	5	122	2	0	1	3	15	1	0	16	10514
1.22	3	0	7	4	122	2	0	4	3	15	1	0	12	6483
1.22	3	0	8	3	122	2	0	7	2	14	1	0	2	641
1.22	3	0	9	2	122	2	0	9	2	15	1	0	8	2570
1.22	3	0	10	1	122	2	0	11	2	15	1	0	28	16118
1.222	1	0	1	5	122	4	0	1	3	15	1	0	16	10514
1.222	1	0	2	4	122	4	0	4	3	14	1	0	14	8412
1.222	1	0	3	3	122	4	0	7	2	12	1	0	20	9637
1.222	1	0	4	2	122	4	0	9	2	14	1	0	20	9637
1.222	1	0	5	1	122	4	0	11	2	14	1	0	0	466
1.222	3	0	6	5	122	4	0	1	3	13	1	0	16	10514
1.222	3	0	7	4	122	4	0	4	3	13	1	0	26	22338
1.222	3	0	8	3	122	4	0	7	2	15	1	0	0	466
1.222	3	0	9	2	122	4	0	9	2	13	1	0	20	9637
1.222	3	0	10	1	122	4	0	11	2	13	1	0	28	16118
1.223	1	0	1	5	122	5	0	1	3	14	1	0	24	19712
1.223	1	0	2	4	122	5	0	4	3	13	1	0	24	19712
1.223	1	0	3	3	122	5	0	7	2	15	1	0	24	13140
1.223	1	0	4	2	122	5	0	9	2	13	1	0	24	13140
1.223	1	0	5	1	122	5	0	11	2	12	1	0	24	13140
1.223	3	0	6	5	122	5	0	1	3	14	1	0	16	10514
1.223	3	0	7	4	122	5	0	4	3	14	1	0	26	22338
1.223	3	0	8	3	122	5	0	7	2	13	1	0	28	16118
1.223	3	0	9	2	122	5	0	9	2	14	1	0	20	9637
1.223	3	0	10	1	122	5	0	11	2	14	1	0	28	16118
1.224	1	0	1	5	122	6	0	1	3	12	1	0	24	19712
1.224	1	0	2	4	122	6	0	4	3	12	1	0	24	19712
1.224	1	0	3	3	122	6	0	7	2	14	1	0	26	14893
1.224	1	0	4	2	122	6	0	9	2	12	1	0	24	13140
1.224	1	0	5	1	122	6	0	11	2	11	1	0	24	13140
1.224	3	0	6	5	122	6	0	1	3	12	1	0	24	19712
1.224	3	0	7	4	122	6	0	4	3	12	1	0	24	19712
1.224	3	0	8	3	122	6	0	7	2	11	1	0	24	13140
1.224	3	0	9	2	122	6	0	9	2	12	1	0	24	13140
1.224	3	0	10	1	122	6	0	11	2	12	1	0	28	16118
1.226	1	0	1	5	122	8	0	1	3	11	1	0	16	10514
1.226	1	0	2	4	122	8	0	4	3	11	1	0	12	6483
1.226	1	0	3	3	122	8	0	7	2	13	1	0	2	641
1.226	1	0	4	2	122	8	0	9	2	15	1	0	4	1110
1.226	1	0	5	1	122	8	0	11	2	13	1	0	2	641
1.226	3	0	6	5	122	8	0	1	3	15	1	0	16	10514
1.226	3	0	7	4	122	8	0	4	3	15	1	0	12	6483
1.226	3	0	8	3	122	8	0	7	2	12	1	0	0	466
1.226	3	0	9	2	122	8	0	9	2	11	1	0	4	1110
1.226	3	0	10	1	122	8	0	11	2	15	1	0	28	16118
1.235	3	0	6	5	123	7	0	1	3	15	1	0	16	10514
1.235	3	0	7	4	123	7	0	4	3	15	1	0	8	3854
1.235	3	0	8	3	123	7	0	7	2	14	1	0	0	466
1.235	3	0	9	2	123	7	0	9	2	15	1	0	4	1110
1.235	3	0	10	1	123	7	0	11	2	15	1	0	28	16118
1.236	1	0	2	4	123	8	0	1	3	15	1	0	12	6483
1.236	1	0	3	3	123	8	0	4	3	13	1	0	2	964
1.236	1	0	4	2	123	8	0	7	3	15	1	0	8	3854
1.236	1	0	5	1	123	8	0	10	3	15	1	0	8	3854
1.237	3	0	6	5	123	9	0	1	3	14	1	0	16	10514
1.237	3	0	7	4	123	9	0	4	3	14	1	0	8	3854
1.237	3	0	8	3	123	9	0	7	2	15	1	0	0	466
1.237	3	0	9	2	123	9	0	9	2	13	1	0	4	1110
1.237	3	0	10	1	123	9	0	11	2	14	1	0	28	16118
1.238	1	0	2	4	124	0	0	1	3	14	1	0	12	6483
1.238	1	0	3	3	124	0	0	4	3	15	1	0	4	1664
1.238	1	0	4	2	124	0	0	7	3	13	1	0	6	2629
1.238	1	0	5	1	124	0	0	10	3	14	1	0	8	3854
1.24	1	0	2	4	124	2	0	1	3	13	1	0	14	8412
1.24	1	0	3	3	124	2	0	4	3	11	1	0	4	1664
1.24	1	0	4	2	124	2	0	7	3	12	1	0	6	2629
1.24	1	0	5	1	124	2	0	10	3	13	1	0	4	1664
1.24	3	0	6	5	124	2	0	1	3	15	1	0	16	10514
1.24	3	0	7	4	124	2	0	4	3	15	1	0	14	8412
1.24	3	0	8	3	124	2	0	7	3	14	1	0	6	2629
1.24	3	0	9	2	124	2	0	10	3	15	1	0	6	2629
1.241	1	0	2	4	124	3	0	1	3	15	1	0	14	8412
1.241	1	0	3	3	124	3	0	4	3	13	1	0	4	1664
1.241	1	0	4	2	124	3	0	7	3	15	1	0	26	22338
1.241	1	0	5	1	124	3	0	10	3	15	1	0	4	1664
1.241	3	0	6	5	124	3	0	1	3	13	1	0	24	19712
1.241	3	0	7	4	124	3	0	4	3	13	1	0	24	19712
1.241	3	0	8	3	124	3	0	7	3	12	1	0	24	19712
1.241	3	0	9	2	124	3	0	10	3	11	1	0	24	19712
1.242	1	0	2	4	124	4	0	1	3	12	1	0	24	19712
1.242	1	0	3	3	124	4	0	4	3	12	1	0	24	19712
1.242	1	0	4	2	124	4	0	7	3	14	1	0	24	19712
1.242	1	0	5	1	124	4	0	10	3	11	1	0	24	19712
1.242	3	0	6	5	124	4	0	1	3	14	1	0	24	19712
1.242	3	0	7	4	124	4	0	4	3	14	1	0	24	19712
1.242	3	0	8	3	124	4	0	7	3	15	1	0	22	17083
1.242	3	0	9	2	124	4	0	10	3	13	1	0	24	19712
1.243	1	0	2	4	124	5	0	1	3	14	1	0	24	19712
1.243	1	0	3	3	124	5	0	4	3	15	1	0	22	17083
1.243	1	0	4	2	124	5	0	7	3	13	1	0	24	19712
1.243	1	0	5	1	124	5	0	10	3	14	1	0	24	19712
1.243	3	0	6	5	124	5	0	1	3	12	1	0	22	17083
1.243	3	0	7	4	124	5	0	4	3	11	1	0	20	14456
1.243	3	0	8	3	124	5	0	7	3	13	1	0	14	8412
1.243	3	0	9	2	124	5	0	10	3	14	1	0	20	14456
1.244	1	0	2	4	124	6	0	1	3	11	1	0	22	17083
1.244	1	0	3	3	124	6	0	4	3	14	1	0	20	14456
1.244	1	0	4	2	124	6	0	7	3	11	1	0	20	14456
1.244	1	0	5	1	124	6	0	10	3	12	1	0	20	14456
1.244	3	0	6	5	124	6	0	1	3	11	1	0	22	17083
1.244	3	0	7	4	124	6	0	4	3	12	1	0	20	14456
1.244	3	0	8	3	124	6	0	7	3	11	1	0	18	11827
1.244	3	0	9	2	124	6	0	10	3	12	1	0	20	14456
1.253	1	0	2	4	125	5	0	1	1	15	1	0	12	2163
1.253	1	0	3	3	125	5	0	2	3	13	1	0	2	964
1.253	1	0	4	2	125	5	0	5	4	14	1	0	2	1286
1.253	1	0	5	1	125	5	0	9	4	15	1	0	0	935
1.258	1	0	3	3	126	0	0	1	4	13	1	0	2	1286
1.258	1	0	4	2	126	0	0	5	4	14	1	0	8	5141
1.258	1	0	5	1	126	0	0	9	4	15	1	0	0	935
1.261	3	0	6	5	126	3	0	1	3	15	1	0	16	10514
1.261	3	0	7	4	126	3	0	4	3	15	1	0	12	6483
1.261	3	0	8	3	126	3	0	7	3	14	1	0	0	700
1.261	3	0	9	2	126	3	0	10	2	15	1	0	2	641
1.262	1	0	3	3	126	4	0	1	4	12	1	0	2	1286
1.262	1	0	4	2	126	4	0	5	4	15	1	0	2	1286
1.262	1	0	5	1	126	4	0	9	4	13	1	0	0	935
1.262	3	0	6	5	126	4	0	1	3	14	1	0	16	10514
1.262	3	0	7	4	126	4	0	4	3	14	1	0	8	3854
1.262	3	0	8	3	126	4	0	7	3	13	1	0	0	700
1.262	3	0	9	2	126	4	0	10	3	11	1	0	2	964
1.263	1	0	3	3	126	5	0	1	4	13	1	0	2	1286
1.263	1	0	4	2	126	5	0	5	4	14	1	0	2	1286
1.263	1	0	5	1	126	5	0	9	4	15	1	0	0	935
1.263	3	0	6	5	126	5	0	1	3	13	1	0	16	10514
1.263	3	0	7	4	126	5	0	4	3	13	1	0	12	6483
1.263	3	0	8	3	126	5	0	7	3	15	1	0	0	700
1.263	3	0	9	2	126	5	0	10	3	13	1	0	2	964
1.264	1	0	3	3	126	6	0	1	4	15	1	0	8	5141
1.264	1	0	4	2	126	6	0	5	4	12	1	0	8	5141
1.264	1	0	5	1	126	6	0	9	4	14	1	0	8	5141
1.264	3	0	6	5	126	6	0	1	3	12	1	0	16	10514
1.264	3	0	7	4	126	6	0	4	3	12	1	0	12	6483
1.264	3	0	8	3	126	6	0	7	3	12	1	0	14	8412
1.264	3	0	9	2	126	6	0	10	3	14	1	0	14	8412
1.265	1	0	3	3	126	7	0	1	4	11	1	0	2	1286
1.265	1	0	4	2	126	7	0	5	4	13	1	0	8	5141
1.265	1	0	5	1	126	7	0	9	4	12	1	0	2	1286
1.265	3	0	6	5	126	7	0	1	3	11	1	0	16	10514
1.265	3	0	7	4	126	7	0	4	3	11	1	0	28	24179
1.265	3	0	8	3	126	7	0	7	3	11	1	0	14	8412
1.265	3	0	9	2	126	7	0	10	3	12	1	0	28	24179
1.266	1	0	3	3	126	8	0	1	4	14	1	0	2	1286
1.266	1	0	4	2	126	8	0	5	4	11	1	0	8	5141
1.266	1	0	5	1	126	8	0	9	4	11	1	0	6	3505
1.266	3	0	6	5	126	8	0	1	3	15	1	0	16	10514
1.266	3	0	7	4	126	8	0	4	3	15	1	0	28	24179
1.266	3	0	8	3	126	8	0	7	3	14	1	0	14	8412
1.266	3	0	9	2	126	8	0	10	3	15	1	0	6	2629
1.267	1	0	3	3	126	9	0	1	4	12	1	0	28	32237
1.267	1	0	4	2	126	9	0	5	4	15	1	0	28	32237
1.267	1	0	5	1	126	9	0	9	4	13	1	0	6	3505
1.268	1	0	3	3	127	0	0	1	4	13	1	0	18	15770
1.268	1	0	4	2	127	0	0	5	4	14	1	0	16	14017
1.268	1	0	5	1	127	0	0	9	4	15	1	0	26	29787
1.268	3	0	6	5	127	0	0	1	3	13	1	0	14	8412
1.268	3	0	7	4	127	0	0	4	3	14	1	0	26	22338
1.268	3	0	8	3	127	0	0	7	3	15	1	0	14	8412
1.268	3	0	9	2	127	0	0	10	2	13	1	0	4	1110
1.269	1	0	3	3	127	1	0	1	4	15	1	0	16	14017
1.269	1	0	4	2	127	1	0	5	4	12	1	0	16	14017
1.269	1	0	5	1	127	1	0	9	4	14	1	0	26	29787
1.27	1	0	3	3	127	2	0	1	4	11	1	0	16	14017
1.27	1	0	4	2	127	2	0	5	4	13	1	0	16	14017
1.27	1	0	5	1	127	2	0	9	4	12	1	0	26	29787
1.271	1	0	3	3	127	3	0	1	4	14	1	0	16	14017
1.271	1	0	4	2	127	3	0	5	4	11	1	0	16	14017
1.271	1	0	5	1	127	3	0	9	4	11	1	0	26	29787
1.272	3	0	6	5	127	4	0	1	3	15	1	0	16	10514
1.272	3	0	7	4	127	4	0	4	3	13	1	0	26	22338
1.272	3	0	8	3	127	4	0	7	3	14	1	0	14	8412
1.272	3	0	9	2	127	4	0	10	3	11	1	0	2	964
1.274	3	0	6	5	127	6	0	1	3	14	1	0	16	10514
1.274	3	0	7	4	127	6	0	4	3	14	1	0	26	22338
1.274	3	0	8	3	127	6	0	7	3	15	1	0	14	8412
1.274	3	0	9	2	127	6	0	10	3	14	1	0	2	964
1.276	3	0	6	5	127	8	0	1	3	13	1	0	16	10514
1.276	3	0	7	4	127	8	0	4	3	15	1	0	24	19712
1.276	3	0	8	3	127	8	0	7	3	13	1	0	14	8412
1.276	3	0	9	2	127	8	0	10	3	15	1	0	16	10514
1.278	1	0	3	3	128	0	0	1	4	15	1	0	18	15770
1.278	1	0	4	2	128	0	0	5	4	15	1	0	18	15770
1.278	1	0	5	1	128	0	0	9	4	15	1	0	8	5141
1.278	3	0	6	5	128	0	0	1	3	15	1	0	18	11827
1.278	3	0	7	4	128	0	0	4	3	12	1	0	14	8412
1.278	3	0	8	3	128	0	0	7	3	12	1	0	4	1664
1.278	3	0	9	2	128	0	0	10	3	13	1	0	6	2629
1.279	1	0	3	3	128	1	0	1	4	13	1	0	8	5141
1.279	1	0	4	2	128	1	0	5	4	14	1	0	18	15770
1.279	1	0	5	1	128	1	0	9	4	14	1	0	8	5141
1.28	1	0	3	3	128	2	0	1	4	12	1	0	8	5141
1.28	1	0	4	2	128	2	0	5	4	12	1	0	18	15770
1.28	1	0	5	1	128	2	0	9	4	13	1	0	28	32237
1.281	1	0	3	3	128	3	0	1	4	11	1	0	14	11214
1.281	1	0	4	2	128	3	0	5	4	13	1	0	18	15770
1.281	1	0	5	1	128	3	0	9	4	12	1	0	14	11214
1.284	1	0	3	3	128	6	0	1	4	14	1	0	16	14017
1.284	1	0	4	2	128	6	0	5	4	14	1	0	16	14017
1.284	1	0	5	1	128	6	0	9	4	15	1	0	26	29787
1.284	3	0	6	5	128	6	0	1	3	14	1	0	14	8412
1.284	3	0	7	4	128	6	0	4	3	14	1	0	26	22338
1.284	3	0	8	3	128	6	0	7	3	15	1	0	14	8412
1.284	3	0	9	2	128	6	0	10	3	14	1	0	2	964
1.285	3	0	6	5	128	7	0	1	3	13	1	0	14	8412
1.285	3	0	7	4	128	7	0	4	3	13	1	0	28	24179
1.285	3	0	8	3	128	7	0	7	3	12	1	0	14	8412
1.285	3	0	9	2	128	7	0	10	3	12	1	0	2	964
1.286	3	0	6	5	128	8	0	1	3	12	1	0	14	8412
1.286	3	0	7	4	128	8	0	4	3	15	1	0	28	24179
1.286	3	0	8	3	128	8	0	7	3	13	1	0	14	8412
1.286	3	0	9	2	128	8	0	10	3	15	1	0	20	14456
1.288	3	0	6	5	129	0	0	1	3	15	1	0	14	8412
1.288	3	0	7	4	129	0	0	4	3	12	1	0	22	17083
1.288	3	0	8	3	129	0	0	7	3	11	1	0	0	700
1.288	3	0	9	2	129	0	0	10	3	13	1	0	16	10514
1.289	1	0	3	3	129	1	0	1	4	14	1	0	4	2221
1.289	1	0	4	2	129	1	0	5	4	15	1	0	6	3505
1.289	1	0	5	1	129	1	0	9	4	15	1	0	4	2221
1.289	3	0	6	5	129	1	0	1	3	14	1	0	16	10514
1.289	3	0	7	4	129	1	0	4	3	14	1	0	22	17083
1.289	3	0	8	3	129	1	0	7	3	15	1	0	0	700
1.289	3	0	9	2	129	1	0	10	3	14	1	0	4	1664
1.29	1	0	3	3	129	2	0	1	4	13	1	0	16	14017
1.29	1	0	4	2	129	2	0	5	4	14	1	0	16	14017
1.29	1	0	5	1	129	2	0	9	4	14	1	0	26	29787
1.291	1	0	3	3	129	3	0	1	4	12	1	0	16	14017
1.291	1	0	4	2	129	3	0	5	4	12	1	0	16	14017
1.291	1	0	5	1	129	3	0	9	4	13	1	0	28	32237
1.292	3	0	6	5	129	4	0	1	3	13	1	0	18	11827
1.292	3	0	7	4	129	4	0	4	3	11	1	0	12	6483
1.292	3	0	8	3	129	4	0	7	3	14	1	0	4	1664
1.292	3	0	9	2	129	4	0	10	3	12	1	0	6	2629
1.293	1	0	3	3	129	5	0	1	4	15	1	0	18	15770
1.293	1	0	4	2	129	5	0	5	4	11	1	0	6	3505
1.293	1	0	5	1	129	5	0	9	4	12	1	0	26	29787
1.294	1	0	3	3	129	6	0	1	4	14	1	0	22	22778
1.294	1	0	4	2	129	6	0	5	4	15	1	0	6	3505
1.294	1	0	5	1	129	6	0	9	4	15	1	0	26	29787
1.294	3	0	6	5	129	6	0	1	3	15	1	0	22	17083
1.294	3	0	7	4	129	6	0	4	3	14	1	0	20	14456
1.294	3	0	8	3	129	6	0	7	3	15	1	0	20	14456
1.294	3	0	9	2	129	6	0	10	3	14	1	0	20	14456
1.295	3	0	6	5	129	7	0	1	3	14	1	0	16	10514
1.295	3	0	7	4	129	7	0	4	3	13	1	0	26	22338
1.295	3	0	8	3	129	7	0	7	3	12	1	0	14	8412
1.295	3	0	9	2	129	7	0	10	3	13	1	0	4	1664
1.296	3	0	6	5	129	8	0	1	3	12	1	0	16	10514
1.296	3	0	7	4	129	8	0	4	3	15	1	0	28	24179
1.296	3	0	8	3	129	8	0	7	3	13	1	0	14	8412
1.296	3	0	9	2	129	8	0	10	3	15	1	0	4	1664
1.297	3	0	6	5	129	9	0	1	3	13	1	0	16	10514
1.297	3	0	7	4	129	9	0	4	3	11	1	0	22	17083
1.297	3	0	8	3	129	9	0	7	3	14	1	0	12	6483
1.297	3	0	9	2	129	9	0	10	3	12	1	0	16	10514
1.298	3	0	6	5	130	0	0	1	1	11	1	0	22	5695
1.298	3	0	7	4	130	0	0	2	3	12	1	0	20	14456
1.298	3	0	8	3	130	0	0	5	4	11	1	0	20	19272
1.298	3	0	9	2	130	0	0	9	4	11	1	0	20	19272
1.3	1	0	3	3	130	2	0	1	4	15	1	0	16	14017
1.3	1	0	4	2	130	2	0	5	4	15	1	0	18	15770
1.3	1	0	5	1	130	2	0	9	4	15	1	0	26	29787
1.301	1	0	3	3	130	3	0	1	4	13	1	0	16	14017
1.301	1	0	4	2	130	3	0	5	4	14	1	0	18	15770
1.301	1	0	5	1	130	3	0	9	4	14	1	0	28	32237
1.302	1	0	3	3	130	4	0	1	4	12	1	0	18	15770
1.302	1	0	4	2	130	4	0	5	4	13	1	0	20	19272
1.302	1	0	5	1	130	4	0	9	4	13	1	0	28	32237
1.303	1	0	3	3	130	5	0	1	4	11	1	0	18	15770
1.303	1	0	4	2	130	5	0	5	4	12	1	0	20	19272
1.303	1	0	5	1	130	5	0	9	4	12	1	0	28	32237
1.303	3	0	7	4	130	5	0	1	4	14	1	0	20	19272
1.303	3	0	8	3	130	5	0	5	4	14	1	0	14	11214
1.303	3	0	9	2	130	5	0	9	4	15	1	0	28	32237
1.304	1	0	3	3	130	6	0	1	4	14	1	0	18	15770
1.304	1	0	4	2	130	6	0	5	4	11	1	0	20	19272
1.304	1	0	5	1	130	6	0	9	4	11	1	0	28	32237
1.304	3	0	7	4	130	6	0	1	4	12	1	0	20	19272
1.304	3	0	8	3	130	6	0	5	4	15	1	0	20	19272
1.304	3	0	9	2	130	6	0	9	4	14	1	0	20	19272
1.305	3	0	7	4	130	7	0	1	4	13	1	0	20	19272
1.305	3	0	8	3	130	7	0	5	4	12	1	0	8	5141
1.305	3	0	9	2	130	7	0	9	4	13	1	0	8	5141
1.306	3	0	8	3	130	8	0	1	6	13	1	0	8	7709
1.306	3	0	9	2	130	8	0	7	6	12	1	0	8	7709
1.307	3	0	8	3	130	9	0	1	6	11	1	0	14	16822
1.307	3	0	9	2	130	9	0	7	6	11	1	0	8	7709
1.312	1	0	3	3	131	4	0	1	3	15	1	0	12	6483
1.312	1	0	4	2	131	4	0	4	4	15	1	0	14	11214
1.312	1	0	5	1	131	4	0	8	4	15	1	0	28	32237
1.312	3	0	8	3	131	4	0	1	6	12	1	0	4	3329
1.312	3	0	9	2	131	4	0	7	6	13	1	0	6	5258
1.316	3	0	8	3	131	8	0	1	6	13	1	0	0	1404
1.316	3	0	9	2	131	8	0	7	6	12	1	0	2	1928
1.317	3	0	8	3	131	9	0	1	6	12	1	0	20	28910
1.317	3	0	9	2	131	9	0	7	6	13	1	0	20	28910
1.321	1	0	3	3	132	3	0	1	4	13	1	0	2	1286
1.321	1	0	4	2	132	3	0	5	4	15	1	0	4	2221
1.321	1	0	5	1	132	3	0	9	4	14	1	0	2	1286
1.321	3	0	8	3	132	3	0	1	6	13	1	0	0	1404
1.321	3	0	9	2	132	3	0	7	6	12	1	0	2	1928
1.323	1	0	3	3	132	5	0	1	4	15	1	0	14	11214
1.323	1	0	4	2	132	5	0	5	4	14	1	0	18	15770
1.323	1	0	5	1	132	5	0	9	4	13	1	0	22	22778
1.323	3	0	8	3	132	5	0	1	6	14	1	0	6	5258
1.323	3	0	9	2	132	5	0	7	6	11	1	0	6	5258
1.324	1	0	3	3	132	6	0	1	4	12	1	0	2	1286
1.324	1	0	4	2	132	6	0	5	4	13	1	0	18	15770
1.324	1	0	5	1	132	6	0	9	4	12	1	0	22	22778
1.324	3	0	8	3	132	6	0	1	6	11	1	0	0	1404
1.324	3	0	9	2	132	6	0	7	6	15	1	0	6	5258
1.325	1	0	3	3	132	7	0	1	4	14	1	0	2	1286
1.325	1	0	4	2	132	7	0	5	4	12	1	0	8	5141
1.325	1	0	5	1	132	7	0	9	4	11	1	0	6	3505
1.325	3	0	8	3	132	7	0	1	6	15	1	0	0	1404
1.325	3	0	9	2	132	7	0	7	6	14	1	0	6	5258
1.326	1	0	3	3	132	8	0	1	4	13	1	0	2	1286
1.326	1	0	4	2	132	8	0	5	4	15	1	0	8	5141
1.326	1	0	5	1	132	8	0	9	4	14	1	0	2	1286
1.326	3	0	8	3	132	8	0	1	6	13	1	0	0	1404
1.326	3	0	9	2	132	8	0	7	6	12	1	0	2	1928
1.327	1	0	3	3	132	9	0	1	4	11	1	0	2	1286
1.327	1	0	4	2	132	9	0	5	4	11	1	0	16	14017
1.327	1	0	5	1	132	9	0	9	4	15	1	0	2	1286
1.327	3	0	8	3	132	9	0	1	6	12	1	0	10	10514
1.327	3	0	9	2	132	9	0	7	6	13	1	0	14	16822
1.328	3	0	8	3	133	0	0	1	5	14	1	0	20	24091
1.328	3	0	9	2	133	0	0	6	6	11	1	0	20	28910
1.329	3	0	8	3	133	1	0	1	6	11	1	0	10	10514
1.329	3	0	9	2	133	1	0	7	6	15	1	0	14	16822
1.33	3	0	8	3	133	2	0	1	6	15	1	0	10	10514
1.33	3	0	9	2	133	2	0	7	6	14	1	0	14	16822
1.331	3	0	8	3	133	3	0	1	5	13	1	0	10	8761
1.331	3	0	9	2	133	3	0	6	6	12	1	0	14	16822
1.332	1	0	3	3	133	4	0	1	4	14	1	0	2	1286
1.332	1	0	4	2	133	4	0	5	4	15	1	0	16	14017
1.332	1	0	5	1	133	4	0	9	4	15	1	0	2	1286
1.332	3	0	8	3	133	4	0	1	6	12	1	0	10	10514
1.332	3	0	9	2	133	4	0	7	6	13	1	0	14	16822
1.333	1	0	3	3	133	5	0	1	4	15	1	0	2	1286
1.333	1	0	4	2	133	5	0	5	4	14	1	0	18	15770
1.333	1	0	5	1	133	5	0	9	4	14	1	0	2	1286
1.334	1	0	3	3	133	6	0	1	4	13	1	0	28	32237
1.334	1	0	4	2	133	6	0	5	4	13	1	0	28	32237
1.334	1	0	5	1	133	6	0	9	4	13	1	0	2	1286
1.334	3	0	8	3	133	6	0	1	6	11	1	0	4	3329
1.334	3	0	9	2	133	6	0	7	6	15	1	0	6	5258
1.335	1	0	3	3	133	7	0	1	4	12	1	0	28	32237
1.335	1	0	4	2	133	7	0	5	4	12	1	0	28	32237
1.335	1	0	5	1	133	7	0	9	4	12	1	0	26	29787
1.335	3	0	8	3	133	7	0	1	6	15	1	0	20	28910
1.335	3	0	9	2	133	7	0	7	6	14	1	0	20	28910
1.336	1	0	3	3	133	8	0	1	4	11	1	0	28	32237
1.336	1	0	4	2	133	8	0	5	4	11	1	0	28	32237
1.336	1	0	5	1	133	8	0	9	4	11	1	0	26	29787
1.336	3	0	8	3	133	8	0	1	6	13	1	0	20	28910
1.336	3	0	9	2	133	8	0	7	6	12	1	0	20	28910
1.337	1	0	3	3	133	9	0	1	4	14	1	0	28	32237
1.337	1	0	4	2	133	9	0	5	4	15	1	0	28	32237
1.337	1	0	5	1	133	9	0	9	4	15	1	0	26	29787
1.337	3	0	8	3	133	9	0	1	6	12	1	0	14	16822
1.337	3	0	9	2	133	9	0	7	6	13	1	0	14	16822
1.338	3	0	8	3	134	0	0	1	6	14	1	0	10	10514
1.338	3	0	9	2	134	0	0	7	6	11	1	0	14	16822
1.339	3	0	8	3	134	1	0	1	6	11	1	0	10	10514
1.339	3	0	9	2	134	1	0	7	6	15	1	0	12	12967
1.343	3	0	8	3	134	5	0	1	6	14	1	0	10	10514
1.343	3	0	9	2	134	5	0	7	6	13	1	0	16	21025
1.349	1	0	3	3	135	1	0	1	4	15	1	0	12	8644
1.349	1	0	4	2	135	1	0	5	4	14	1	0	14	11214
1.349	1	0	5	1	135	1	0	9	4	14	1	0	2	1286
1.351	1	0	3	3	135	3	0	1	4	13	1	0	4	2221
1.351	1	0	4	2	135	3	0	5	4	13	1	0	6	3505
1.351	1	0	5	1	135	3	0	9	4	15	1	0	2	1286
1.353	1	0	3	3	135	5	0	1	4	14	1	0	4	2221
1.353	1	0	4	2	135	5	0	5	4	15	1	0	6	3505
1.353	1	0	5	1	135	5	0	9	4	13	1	0	4	2221
1.354	3	0	8	3	135	6	0	1	6	12	1	0	0	1404
1.354	3	0	9	2	135	6	0	7	6	15	1	0	4	3329
1.355	1	0	3	3	135	7	0	1	4	15	1	0	8	5141
1.355	1	0	4	2	135	7	0	5	4	12	1	0	8	5141
1.355	1	0	5	1	135	7	0	9	4	14	1	0	8	5141
1.355	3	0	8	3	135	7	0	1	6	15	1	0	14	16822
1.355	3	0	9	2	135	7	0	7	6	14	1	0	4	3329
1.356	1	0	3	3	135	8	0	1	4	13	1	0	4	2221
1.356	1	0	4	2	135	8	0	5	4	13	1	0	8	5141
1.356	1	0	5	1	135	8	0	9	4	15	1	0	8	5141
1.356	3	0	8	3	135	8	0	1	6	13	1	0	4	3329
1.356	3	0	9	2	135	8	0	7	6	11	1	0	4	3329
1.357	1	0	3	3	135	9	0	1	4	12	1	0	8	5141
1.357	1	0	4	2	135	9	0	5	4	11	1	0	8	5141
1.357	1	0	5	1	135	9	0	9	4	12	1	0	8	5141
1.357	3	0	8	3	135	9	0	1	6	14	1	0	14	16822
1.357	3	0	9	2	135	9	0	7	6	12	1	0	4	3329
1.358	1	0	3	3	136	0	0	1	4	14	1	0	8	5141
1.358	1	0	4	2	136	0	0	5	4	15	1	0	8	5141
1.358	1	0	5	1	136	0	0	9	4	13	1	0	8	5141
1.358	3	0	8	3	136	0	0	1	6	11	1	0	20	28910
1.358	3	0	9	2	136	0	0	7	6	13	1	0	20	28910
1.359	1	0	3	3	136	1	0	1	4	11	1	0	8	5141
1.359	1	0	4	2	136	1	0	5	4	14	1	0	8	5141
1.359	1	0	5	1	136	1	0	9	4	11	1	0	8	5141
1.359	3	0	8	3	136	1	0	1	5	12	1	0	20	24091
1.359	3	0	9	2	136	1	0	6	6	15	1	0	16	21025
1.361	3	0	8	3	136	3	0	1	6	13	1	0	10	10514
1.361	3	0	9	2	136	3	0	7	6	14	1	0	14	16822
1.366	1	0	3	3	136	8	0	1	4	13	1	0	4	2221
1.366	1	0	4	2	136	8	0	5	4	15	1	0	18	15770
1.366	1	0	5	1	136	8	0	9	4	15	1	0	6	3505
1.368	1	0	3	3	137	0	0	1	4	14	1	0	4	2221
1.368	1	0	4	2	137	0	0	5	4	14	1	0	18	15770
1.368	1	0	5	1	137	0	0	9	4	14	1	0	6	3505
1.369	1	0	3	3	137	1	0	1	4	11	1	0	4	2221
1.369	1	0	4	2	137	1	0	5	4	13	1	0	18	15770
1.369	1	0	5	1	137	1	0	9	4	13	1	0	4	2221
1.369	3	0	8	3	137	1	0	1	6	12	1	0	4	3329
1.369	3	0	9	2	137	1	0	7	6	15	1	0	4	3329
1.37	1	0	3	3	137	2	0	1	4	15	1	0	8	5141
1.37	1	0	4	2	137	2	0	5	4	12	1	0	18	15770
1.37	1	0	5	1	137	2	0	9	4	12	1	0	4	2221
1.37	3	0	8	3	137	2	0	1	6	15	1	0	14	16822
1.37	3	0	9	2	137	2	0	7	6	12	1	0	14	16822
1.371	3	0	8	3	137	3	0	1	6	13	1	0	4	3329
1.371	3	0	9	2	137	3	0	7	6	14	1	0	14	16822
1.372	3	0	8	3	137	4	0	1	6	14	1	0	10	10514
1.372	3	0	9	2	137	4	0	7	6	11	1	0	12	12967
1.373	1	0	3	3	137	5	0	1	4	14	1	0	4	2221
1.373	1	0	4	2	137	5	0	5	4	14	1	0	4	2221
1.373	1	0	5	1	137	5	0	9	4	14	1	0	4	2221
1.373	3	0	8	3	137	5	0	1	6	11	1	0	4	3329
1.373	3	0	9	2	137	5	0	7	6	13	1	0	12	12967
1.374	3	0	8	3	137	6	0	1	6	12	1	0	4	3329
1.374	3	0	9	2	137	6	0	7	6	15	1	0	16	21025
1.377	1	0	3	3	137	9	0	1	3	13	1	0	12	6483
1.377	1	0	4	2	137	9	0	4	4	13	1	0	14	11214
1.377	1	0	5	1	137	9	0	8	4	15	1	0	2	1286
1.377	3	0	8	3	137	9	0	1	6	14	1	0	4	3329
1.377	3	0	9	2	137	9	0	7	6	12	1	0	6	5258
1.378	3	0	8	3	138	0	0	1	6	13	1	0	20	28910
1.378	3	0	9	2	138	0	0	7	6	13	1	0	20	28910
1.379	1	0	3	3	138	1	0	1	4	14	1	0	4	2221
1.379	1	0	4	2	138	1	0	5	4	14	1	0	18	15770
1.379	1	0	5	1	138	1	0	9	4	13	1	0	2	1286
1.38	3	0	8	3	138	2	0	1	6	15	1	0	20	28910
1.38	3	0	9	2	138	2	0	7	6	11	1	0	20	28910
1.381	1	0	3	3	138	3	0	1	4	12	1	0	6	3505
1.381	1	0	4	2	138	3	0	5	4	15	1	0	18	15770
1.381	1	0	5	1	138	3	0	9	4	12	1	0	6	3505
1.381	3	0	8	3	138	3	0	1	6	12	1	0	28	48356
1.381	3	0	9	2	138	3	0	7	6	14	1	0	20	28910
1.382	3	0	8	3	138	4	0	1	6	14	1	0	28	48356
1.382	3	0	9	2	138	4	0	7	6	12	1	0	6	5258
1.383	1	0	3	3	138	5	0	1	4	11	1	0	4	2221
1.383	1	0	4	2	138	5	0	5	4	13	1	0	18	15770
1.383	1	0	5	1	138	5	0	9	4	15	1	0	2	1286
1.383	3	0	8	3	138	5	0	1	6	13	1	0	10	10514
1.383	3	0	9	2	138	5	0	7	6	13	1	0	28	48356
1.384	3	0	8	3	138	6	0	1	6	11	1	0	20	28910
1.384	3	0	9	2	138	6	0	7	6	15	1	0	20	28910
1.385	1	0	3	3	138	7	0	1	4	15	1	0	8	5141
1.385	1	0	4	2	138	7	0	5	4	12	1	0	8	5141
1.385	1	0	5	1	138	7	0	9	4	14	1	0	8	5141
1.385	3	0	8	3	138	7	0	1	6	15	1	0	20	28910
1.385	3	0	9	2	138	7	0	7	6	11	1	0	16	21025
1.387	1	0	3	3	138	9	0	1	4	14	1	0	2	1286
1.387	1	0	4	2	138	9	0	5	4	15	1	0	18	15770
1.387	1	0	5	1	138	9	0	9	4	13	1	0	2	1286
1.389	1	0	3	3	139	1	0	1	4	13	1	0	2	1286
1.389	1	0	4	2	139	1	0	5	4	14	1	0	18	15770
1.389	1	0	5	1	139	1	0	9	4	15	1	0	2	1286
1.389	3	0	8	3	139	1	0	1	6	13	1	0	12	12967
1.389	3	0	9	2	139	1	0	7	6	15	1	0	14	16822
1.391	1	0	3	3	139	3	0	1	4	12	1	0	2	1286
1.391	1	0	4	2	139	3	0	5	4	13	1	0	18	15770
1.391	1	0	5	1	139	3	0	9	4	12	1	0	2	1286
1.392	3	0	8	3	139	4	0	1	6	14	1	0	4	3329
1.392	3	0	9	2	139	4	0	7	6	14	1	0	6	5258
1.393	1	0	3	3	139	5	0	1	4	14	1	0	8	5141
1.393	1	0	4	2	139	5	0	5	4	12	1	0	8	5141
1.393	1	0	5	1	139	5	0	9	4	13	1	0	8	5141
1.394	1	0	3	3	139	6	0	1	4	13	1	0	4	2221
1.394	1	0	4	2	139	6	0	5	4	14	1	0	8	5141
1.394	1	0	5	1	139	6	0	9	4	15	1	0	8	5141
1.394	3	0	8	3	139	6	0	1	6	13	1	0	14	16822
1.394	3	0	9	2	139	6	0	7	6	15	1	0	6	5258
1.395	1	0	3	3	139	7	0	1	5	15	1	0	4	2775
1.395	1	0	4	2	139	7	0	6	2	11	1	0	18	7885
1.395	1	0	5	1	139	7	0	8	5	14	1	0	2	1606
1.397	1	0	3	3	139	9	0	1	6	12	1	0	8	7709
1.397	1	0	5	1	139	9	0	7	6	12	1	0	8	7709
1.397	3	0	8	3	139	9	0	1	6	15	1	0	14	16822
1.397	3	0	9	2	139	9	0	7	6	14	1	0	4	3329
1.398	1	0	3	3	140	0	0	1	12	14	1	0	8	15418
1.398	3	0	8	3	140	0	0	1	6	14	1	0	14	16822
1.398	3	0	9	2	140	0	0	7	6	13	1	0	28	48356
1.4	1	0	3	3	140	2	0	1	12	15	1	0	4	6659
1.4	3	0	8	3	140	2	0	1	6	11	1	0	12	12967
1.4	3	0	9	2	140	2	0	7	6	15	1	0	14	16822
1.401	1	0	3	3	140	3	0	1	12	13	1	0	8	15418
1.401	3	0	8	3	140	3	0	1	6	12	1	0	12	12967
1.401	3	0	9	2	140	3	0	7	6	12	1	0	14	16822
1.403	1	0	3	3	140	5	0	1	12	14	1	0	4	6659
1.404	1	0	3	3	140	6	0	1	12	11	1	0	12	25932
1.404	3	0	8	3	140	6	0	1	6	13	1	0	0	1404
1.404	3	0	9	2	140	6	0	7	6	11	1	0	2	1928
1.405	1	0	3	3	140	7	0	1	12	15	1	0	12	25932
1.406	1	0	3	3	140	8	0	1	12	13	1	0	12	25932
1.409	1	0	3	3	141	1	0	1	12	11	1	0	2	3854
1.411	1	0	3	3	141	3	0	1	11	10	1	0	2	3535
1.413	1	0	3	3	141	5	0	1	12	14	1	0	8	15418
1.414	1	0	3	3	141	6	0	1	12	12	1	0	28	96713
1.416	1	0	3	3	141	8	0	1	5	11	1	0	2	1606
1.42	3	0	8	3	142	2	0	1	6	15	1	0	0	1404
1.42	3	0	9	2	142	2	0	7	6	15	1	0	2	1928
1.421	3	0	8	3	142	3	0	1	5	14	1	0	0	1169
1.421	3	0	9	2	142	3	0	6	6	14	1	0	2	1928
1.422	3	0	8	3	142	4	0	1	6	12	1	0	28	48356
1.422	3	0	9	2	142	4	0	7	6	13	1	0	2	1928
1.423	3	0	8	3	142	5	0	1	2	11	1	0	28	16118
1.423	3	0	9	2	142	5	0	3	10	12	1	0	2	3212
1.424	3	0	9	2	142	6	0	1	12	11	1	0	28	96713
