time(s)	cellId	rnti	lcid	packetSize	delay(s)
1.01339	2	5	3	697	0.00238571
1.01339	4	5	3	697	0.00238571
1.01353	2	4	3	463	0.00252857
1.01353	4	4	3	463	0.00252857
1.01367	2	3	3	463	0.00267142
1.01381	2	2	3	463	0.00281428
1.01381	4	2	3	463	0.00281428
1.01396	2	1	3	463	0.00295714
1.01396	4	1	3	463	0.00295714
1.01439	2	5	3	697	0.00238571
1.01439	4	5	3	697	0.00238571
1.0146	2	4	3	697	0.0026
1.0146	4	4	3	697	0.0026
1.01474	2	3	3	463	0.00274285
1.01489	2	2	3	463	0.00288571
1.01489	4	2	3	463	0.00288571
1.01503	2	1	3	463	0.00302856
1.01503	4	1	3	463	0.00302856
1.01539	2	5	3	697	0.00238571
1.01539	4	5	3	697	0.00238571
1.0156	2	4	3	697	0.0026
1.0156	4	4	3	697	0.0026
1.01574	2	3	3	463	0.00274285
1.01589	2	2	3	463	0.00288571
1.01589	4	2	3	463	0.00288571
1.01603	2	1	3	463	0.00302856
1.01603	4	1	3	463	0.00302856
1.01639	2	5	3	697	0.00238571
1.01639	4	5	3	697	0.00238571
1.0166	2	4	3	697	0.0026
1.0166	4	4	3	697	0.0026
1.01674	2	3	3	463	0.00274285
1.01689	2	2	3	463	0.00288571
1.01689	4	2	3	463	0.00288571
1.01703	2	1	3	463	0.00302856
1.01703	4	1	3	463	0.00302856
1.01739	2	5	3	697	0.00238571
1.01739	4	5	3	697	0.00238571
1.0176	2	4	3	697	0.0026
1.0176	4	4	3	697	0.0026
1.01774	2	3	3	463	0.00274285
1.01789	2	2	3	463	0.00288571
1.01789	4	2	3	463	0.00288571
1.01803	2	1	3	463	0.00302856
1.01803	4	1	3	463	0.00302856
1.01839	2	5	3	697	0.00238571
1.0186	2	4	3	697	0.0026
1.01874	2	3	3	463	0.00274285
1.01889	2	2	3	463	0.00288571
1.01903	4	3	3	463	0.00802856
1.01903	2	1	3	463	0.00302856
1.01939	2	5	3	8409	0.00238571
1.0196	2	4	3	8409	0.0026
1.01974	2	3	3	638	0.00274285
1.01989	2	2	3	638	0.00288571
1.02003	4	3	3	463	0.00802856
1.02003	2	1	3	1107	0.00302856
1.02039	2	5	3	8409	0.00238571
1.0206	2	4	3	8409	0.0026
1.02074	2	3	3	638	0.00274285
1.02089	2	2	3	638	0.00288571
1.02103	4	3	3	463	0.00802856
1.02103	2	1	3	1107	0.00302856
1.02139	2	5	3	8409	0.00238571
1.02153	2	4	3	5604	0.00252857
1.02167	2	3	3	638	0.00267142
1.02181	2	2	3	638	0.00281428
1.02196	2	1	3	1107	0.00295714
1.02203	4	3	3	463	0.00802856
1.02239	2	5	3	8409	0.00238571
1.0226	2	4	3	8409	0.0026
1.02274	2	3	3	638	0.00274285
1.02289	2	2	3	638	0.00288571
1.02303	4	3	3	463	0.00802856
1.02303	2	1	3	1107	0.00302856
1.02339	2	5	3	8409	0.00238571
1.02339	4	5	3	10511	0.00238571
1.02353	4	4	3	4320	0.00252857
1.0236	2	4	3	8409	0.0026
1.02367	4	3	3	463	0.00267142
1.02374	2	3	3	638	0.00274285
1.02381	4	2	3	1107	0.00281428
1.02389	2	2	3	638	0.00288571
1.02396	4	1	3	16115	0.00295714
1.02403	2	1	3	1107	0.00302856
1.02439	4	5	3	10511	0.00238571
1.0246	4	4	3	6480	0.0026
1.02489	4	2	3	1107	0.00288571
1.02503	4	1	3	16115	0.00302856
1.02539	4	5	3	10511	0.00238571
1.0256	4	4	3	6480	0.0026
1.02589	4	2	3	1107	0.00288571
1.02603	4	1	3	16115	0.00302856
1.02639	4	5	3	10511	0.00238571
1.0266	4	4	3	6480	0.0026
1.02689	4	2	3	1107	0.00288571
1.02703	4	1	3	16115	0.00302856
1.02739	4	5	3	10511	0.00238571
1.0276	4	4	3	6480	0.0026
1.02789	4	2	3	1107	0.00288571
1.02803	4	1	3	16115	0.00302856
1.02839	4	5	3	10511	0.00238571
1.0286	4	4	3	6480	0.0026
1.02889	4	2	3	1107	0.00288571
1.02903	4	1	3	16115	0.00302856
1.03003	2	5	3	19709	0.00802856
1.03003	2	4	3	19709	0.00802856
1.03003	2	3	3	13137	0.00802856
1.03003	2	2	3	13137	0.00802856
1.03103	2	5	3	19709	0.00802856
1.03103	2	4	3	19709	0.00802856
1.03103	2	3	3	13137	0.00802856
1.03103	2	1	3	13137	0.00902856
1.03203	2	5	3	19709	0.00802856
1.03203	2	4	3	19709	0.00802856
1.03203	2	2	3	13137	0.00902856
1.03203	2	1	3	13137	0.00902856
1.03303	2	5	3	19709	0.00802856
1.03303	2	4	3	19709	0.00802856
1.03303	2	3	3	13137	0.00902856
1.03303	2	2	3	13137	0.00902856
1.03403	2	5	3	19709	0.00802856
1.03403	2	4	3	19709	0.00802856
1.03403	2	3	3	13137	0.00902856
1.03403	2	1	3	13137	0.0100286
1.03503	2	3	3	13137	0.00902856
1.03503	2	2	3	13137	0.0100286
1.03603	2	1	3	13137	0.0100286
1.03689	2	2	3	11387	0.00288571
1.03703	4	3	3	13137	0.0130286
1.03739	2	5	3	19709	0.00238571
1.0376	2	4	3	19709	0.0026
1.03789	2	2	3	11387	0.00288571
1.03803	4	3	3	16115	0.0130286
1.03803	2	1	3	11387	0.00302856
1.03839	2	5	3	19709	0.00238571
1.0386	2	4	3	19709	0.0026
1.03874	2	3	3	11387	0.00274285
1.03889	2	2	3	11387	0.00288571
1.03903	4	3	3	13137	0.0130286
1.03903	2	1	3	11387	0.00302856
1.04139	4	5	3	10511	0.00238571
1.04153	4	4	3	4320	0.00252857
1.04167	4	3	3	463	0.00267142
1.04181	4	2	3	1107	0.00281428
1.04196	4	1	3	16115	0.00295714
1.04203	2	5	3	24176	0.00802856
1.04203	2	4	3	24176	0.00802856
1.04203	2	3	3	16115	0.00802856
1.04203	2	1	3	16115	0.00802856
1.04239	4	5	3	10511	0.00238571
1.0426	4	4	3	6480	0.0026
1.04274	4	3	3	13137	0.00274285
1.04289	4	2	3	1107	0.00288571
1.04303	2	3	3	16115	0.00802856
1.04303	4	1	3	16115	0.00302856
1.04339	4	5	3	10511	0.00238571
1.0436	4	4	3	6480	0.0026
1.04389	4	2	3	1107	0.00288571
1.04403	4	1	3	16115	0.00302856
1.04439	4	5	3	10511	0.00238571
1.0446	4	4	3	6480	0.0026
1.04474	4	3	3	13137	0.00274285
1.04489	4	2	3	1107	0.00288571
1.04503	2	1	3	13137	0.0200286
1.04503	4	1	3	16115	0.00302856
1.04539	4	5	3	10511	0.00238571
1.0456	4	4	3	6480	0.0026
1.04574	4	3	3	463	0.00274285
1.04589	4	2	3	1107	0.00288571
1.04603	2	2	3	13137	0.0200286
1.04603	4	1	3	16115	0.00302856
1.04639	4	5	3	10511	0.00238571
1.0466	4	4	3	6480	0.0026
1.04689	2	2	3	638	0.00288571
1.04689	4	2	3	1107	0.00288571
1.04703	2	1	3	638	0.00302856
1.04703	4	1	3	16115	0.00302856
1.0476	4	4	3	6480	0.0026
1.04789	2	2	3	638	0.00288571
1.04789	4	2	3	1107	0.00288571
1.04803	4	1	3	16115	0.00302856
1.04903	2	5	3	19709	0.00802856
1.04903	2	4	3	19709	0.00802856
1.04903	2	3	3	13137	0.00802856
1.04903	2	1	3	13137	0.00802856
1.04939	4	5	3	10511	0.00238571
1.0496	4	4	3	6480	0.0026
1.04974	4	3	3	463	0.00274285
1.04989	4	2	3	1107	0.00288571
1.05003	2	2	3	13137	0.00902856
1.05003	4	1	3	16115	0.00302856
1.05039	2	5	3	8409	0.00238571
1.0506	2	4	3	8409	0.0026
1.05074	2	3	3	638	0.00274285
1.05089	2	2	3	638	0.00288571
1.05103	4	1	3	16115	0.00302856
1.05203	2	5	3	19709	0.00802856
1.05203	2	4	3	19709	0.00802856
1.05203	2	3	3	13137	0.00802856
1.05203	4	3	3	463	0.00802856
1.05303	2	3	3	16115	0.00802856
1.05303	2	1	3	16115	0.00802856
1.05303	4	5	3	11824	0.00802856
1.05339	2	5	3	8409	0.00238571
1.0536	2	4	3	8409	0.0026
1.05374	2	3	3	638	0.00274285
1.05389	2	2	3	638	0.00288571
1.05403	4	3	3	13137	0.0130286
1.05403	2	1	3	638	0.00302856
1.05439	4	5	3	10511	0.00238571
1.0546	4	4	3	8409	0.0026
1.05489	2	2	3	638	0.00288571
1.05489	4	2	3	1107	0.00288571
1.05503	4	1	3	16115	0.00302856
1.05603	4	5	3	19709	0.00802856
1.05603	4	4	3	19709	0.00802856
1.05603	4	3	3	13137	0.00802856
1.05603	4	2	3	13137	0.00802856
1.05639	2	5	3	8409	0.00238571
1.05639	4	5	3	10511	0.00238571
1.0566	2	4	3	8409	0.0026
1.0566	4	4	3	8409	0.0026
1.05674	2	3	3	638	0.00274285
1.05689	2	2	3	638	0.00288571
1.05689	4	2	3	1107	0.00288571
1.05703	2	1	3	638	0.00302856
1.05703	4	1	3	16115	0.00302856
1.05796	2	5	3	24176	0.0129571
1.05796	2	4	3	24176	0.0129571
1.05803	4	3	3	638	0.0130286
1.0586	4	4	3	8409	0.0026
1.05889	2	2	3	638	0.00288571
1.05889	4	2	3	1107	0.00288571
1.05903	4	1	3	16115	0.00302856
1.05996	2	5	3	19709	0.00795714
1.05996	2	4	3	19709	0.00795714
1.05996	2	3	3	11387	0.00795714
1.05996	2	1	3	11387	0.00795714
1.06003	4	3	3	638	0.00802856
1.06039	4	5	3	10511	0.00238571
1.0606	4	4	3	8409	0.0026
1.06074	4	3	3	463	0.00274285
1.06089	4	2	3	1107	0.00288571
1.06103	2	1	3	16115	0.0130286
1.06103	4	1	3	16115	0.00302856
1.06139	2	5	3	8409	0.00238571
1.0616	2	4	3	8409	0.0026
1.06174	2	3	3	638	0.00274285
1.06189	2	2	3	638	0.00288571
1.06203	4	3	3	463	0.00802856
1.06203	2	1	3	2567	0.00302856
1.06239	2	5	3	8409	0.00238571
1.06239	4	5	3	10511	0.00238571
1.0626	2	4	3	8409	0.0026
1.0626	4	4	3	8409	0.0026
1.06274	2	3	3	638	0.00274285
1.06289	2	2	3	638	0.00288571
1.06289	4	2	3	1107	0.00288571
1.06303	2	1	3	638	0.00302856
1.06303	4	1	3	16115	0.00302856
1.06403	2	5	3	14453	0.00802856
1.06403	2	4	3	14453	0.00802856
1.06403	2	3	3	2567	0.00802856
1.06403	2	1	3	2567	0.00802856
1.06403	4	5	3	11824	0.00802856
1.06439	2	5	3	8409	0.00238571
1.06439	4	5	3	10511	0.00238571
1.0646	2	4	3	8409	0.0026
1.0646	4	4	3	8409	0.0026
1.06474	2	3	3	638	0.00274285
1.06489	2	2	3	638	0.00288571
1.06489	4	2	3	1107	0.00288571
1.06503	2	1	3	638	0.00302856
1.06503	4	1	3	16115	0.00302856
1.06539	4	5	3	10511	0.00238571
1.0656	4	4	3	8409	0.0026
1.06589	2	2	3	638	0.00288571
1.06589	4	2	3	1107	0.00288571
1.06603	4	1	3	16115	0.00302856
1.06689	2	2	3	638	0.00288571
1.06703	4	1	3	16115	0.00302856
1.06739	2	5	3	19709	0.00238571
1.0676	2	4	3	19709	0.0026
1.06774	2	3	3	13137	0.00274285
1.06789	2	2	3	13137	0.00288571
1.06803	4	3	3	463	0.00802856
1.06803	2	1	3	13137	0.00302856
1.06839	2	5	3	8409	0.00238571
1.0686	2	4	3	8409	0.0026
1.06874	2	3	3	638	0.00274285
1.06889	2	2	3	1107	0.00288571
1.06903	4	3	3	463	0.0130286
1.06903	2	1	3	638	0.00302856
1.06939	2	5	3	14453	0.00238571
1.0696	2	4	3	14453	0.0026
1.06974	2	3	3	2567	0.00274285
1.06989	2	2	3	1107	0.00288571
1.07003	4	3	3	463	0.00802856
1.07003	2	1	3	2567	0.00302856
1.07103	2	5	3	19709	0.00802856
1.07103	2	4	3	19709	0.00802856
1.07103	2	3	3	13137	0.00802856
1.07103	2	1	3	13137	0.00802856
1.07203	2	5	3	19709	0.00802856
1.07203	2	4	3	19709	0.00802856
1.07203	4	5	3	19709	0.00802856
1.07203	4	4	3	19709	0.00802856
1.07239	2	5	3	8409	0.00238571
1.07239	4	5	3	10511	0.00238571
1.0726	2	4	3	8409	0.0026
1.0726	4	4	3	8409	0.0026
1.07274	2	3	3	638	0.00274285
1.07289	2	2	3	1107	0.00288571
1.07289	4	2	3	1107	0.00288571
1.07303	2	1	3	638	0.00302856
1.07303	4	1	3	16115	0.00302856
1.07339	4	5	3	10511	0.00238571
1.0736	4	4	3	8409	0.0026
1.07389	4	2	3	1107	0.00288571
1.07403	4	1	3	16115	0.00302856
1.07439	4	5	3	10511	0.00238571
1.0746	4	4	3	8409	0.0026
1.07489	4	2	3	1107	0.00288571
1.07496	2	1	3	13137	0.00295714
1.07503	4	1	3	16115	0.00302856
1.07539	2	5	3	19709	0.00238571
1.0756	2	4	3	19709	0.0026
1.07574	2	3	3	13137	0.00274285
1.07589	2	2	3	13137	0.00288571
1.07603	4	3	3	16115	0.0130286
1.07603	2	1	3	13137	0.00302856
1.07739	2	5	3	10511	0.00238571
1.0776	2	4	3	8409	0.0026
1.07774	2	3	3	638	0.00274285
1.07789	2	2	3	13137	0.00288571
1.07803	4	3	3	463	0.00802856
1.07803	2	1	3	638	0.00302856
1.07903	2	5	3	19709	0.00802856
1.07903	2	4	3	19709	0.00802856
1.07903	2	3	3	13137	0.00802856
1.07903	2	2	3	13137	0.00802856
1.08003	2	5	3	19709	0.00802856
1.08003	2	4	3	13137	0.00802856
1.08003	2	3	3	13137	0.00802856
1.08003	2	2	3	13137	0.00802856
1.08003	2	1	3	13137	0.00902856
1.08039	2	5	3	8409	0.00238571
1.08039	4	5	3	10511	0.00238571
1.0806	2	4	3	8409	0.0026
1.08103	4	1	3	16115	0.00302856
1.08239	4	5	3	10511	0.00238571
1.08274	2	3	3	638	0.00274285
1.08289	4	2	3	463	0.00288571
1.08303	2	1	3	638	0.00302856
1.08303	4	1	3	16115	0.00302856
1.08339	2	5	3	19709	0.00238571
1.0836	2	4	3	19709	0.0026
1.08374	2	3	3	13137	0.00274285
1.08389	2	2	3	13137	0.00288571
1.08403	4	3	3	13137	0.0130286
1.08403	2	1	3	13137	0.00302856
1.08439	2	5	3	19709	0.00238571
1.0846	2	4	3	19709	0.0026
1.08474	2	3	3	11387	0.00274285
1.08489	2	2	3	11387	0.00288571
1.08503	4	3	3	13137	0.0130286
1.08503	2	1	3	13137	0.00302856
1.08603	4	2	3	7882	0.00802856
1.08639	2	5	3	8409	0.00238571
1.08639	4	5	3	10511	0.00238571
1.0866	2	4	3	8409	0.0026
1.0866	4	4	3	6480	0.0026
1.08674	2	3	3	638	0.00274285
1.08689	2	2	3	1107	0.00288571
1.08689	4	2	3	1107	0.00288571
1.08703	2	1	3	638	0.00302856
1.08703	4	1	3	16115	0.00302856
1.08803	2	5	3	19709	0.00802856
1.08803	2	4	3	19709	0.00802856
1.08803	2	2	3	13137	0.00802856
1.08839	2	5	3	8409	0.00238571
1.08839	4	5	3	10511	0.00238571
1.0886	2	4	3	8409	0.0026
1.0886	4	4	3	6480	0.0026
1.08874	2	3	3	638	0.00274285
1.08889	2	2	3	1107	0.00288571
1.08889	4	2	3	1107	0.00288571
1.08903	2	1	3	638	0.00302856
1.08903	4	1	3	16115	0.00302856
1.08939	4	5	3	10511	0.00238571
1.0896	4	4	3	6480	0.0026
1.08989	4	2	3	1107	0.00288571
1.09003	4	1	3	16115	0.00302856
1.09096	4	4	3	24176	0.0129571
1.09103	2	3	3	9634	0.0130286
1.09103	2	2	3	9634	0.0130286
1.09103	2	1	3	16115	0.0130286
1.09139	2	5	3	19709	0.00238571
1.0916	2	4	3	19709	0.0026
1.09174	2	3	3	638	0.00274285
1.09189	2	2	3	1107	0.00288571
1.09203	4	3	3	463	0.00802856
1.09203	2	1	3	638	0.00302856
1.09239	2	5	3	8409	0.00238571
1.0926	2	4	3	8409	0.0026
1.09274	2	3	3	638	0.00274285
1.09289	2	2	3	1107	0.00288571
1.09303	4	4	3	24176	0.0130286
1.09303	4	3	3	463	0.0130286
1.09303	2	1	3	638	0.00302856
1.09339	2	5	3	11824	0.00238571
1.09353	2	4	3	5604	0.00252857
1.09367	2	3	3	638	0.00267142
1.09381	2	2	3	1749	0.00281428
1.09396	4	3	3	463	0.00795714
1.09396	2	1	3	638	0.00295714
1.09503	2	5	3	19709	0.00802856
1.09503	2	4	3	19709	0.00802856
1.09503	2	3	3	13137	0.00802856
1.09503	2	2	3	13137	0.00802856
1.09639	2	5	3	8409	0.00238571
1.09639	4	5	3	10511	0.00238571
1.0966	2	4	3	8409	0.0026
1.0966	4	4	3	6480	0.0026
1.09689	4	2	3	1107	0.00288571
1.09703	4	1	3	16115	0.00302856
1.09739	4	5	3	10511	0.00238571
1.0976	4	4	3	6480	0.0026
1.09789	4	2	3	1107	0.00288571
1.09803	4	1	3	16115	0.00302856
1.09839	4	5	3	10511	0.00238571
1.09889	4	2	3	1107	0.00288571
1.09903	4	1	3	16115	0.00302856
1.09939	2	5	3	19709	0.00238571
1.0996	2	4	3	19709	0.0026
1.09974	2	3	3	13137	0.00274285
1.09989	2	2	3	13137	0.00288571
1.10003	4	3	3	13137	0.0130286
1.10003	2	1	3	13137	0.00302856
1.10039	4	5	3	10511	0.00238571
1.10074	4	3	3	463	0.00274285
1.10089	4	2	3	1107	0.00288571
1.10103	2	1	3	13137	0.0140286
1.10103	4	1	3	16115	0.00302856
1.10196	2	2	3	16115	0.00795714
1.10196	2	1	3	16115	0.00795714
1.10203	4	3	3	463	0.00802856
1.10303	2	5	3	19709	0.00802856
1.10303	2	4	3	19709	0.00802856
1.10303	2	3	3	13137	0.00802856
1.10303	2	2	3	13137	0.00802856
1.10403	2	5	3	14453	0.00802856
1.10403	2	4	3	14453	0.00802856
1.10403	2	3	3	5604	0.00802856
1.10403	2	1	3	13137	0.00902856
1.10439	4	5	3	10511	0.00238571
1.1046	4	4	3	6480	0.0026
1.10474	4	3	3	463	0.00274285
1.10489	4	2	3	1107	0.00288571
1.10503	2	2	3	5604	0.00902856
1.10503	2	1	3	5604	0.00902856
1.10503	4	1	3	16115	0.00302856
1.10603	4	4	3	24176	0.00802856
1.10639	4	5	3	19709	0.00238571
1.1066	4	4	3	19709	0.0026
1.10674	4	3	3	13137	0.00274285
1.10689	4	2	3	13137	0.00288571
1.10703	2	3	3	16115	0.0130286
1.10703	4	1	3	16115	0.00302856
1.10739	2	5	3	19709	0.00238571
1.1076	2	4	3	19709	0.0026
1.10774	2	3	3	9634	0.00274285
1.10789	2	2	3	9634	0.00288571
1.10803	4	3	3	13137	0.0130286
1.10803	2	1	3	9634	0.00302856
1.10903	4	4	3	24176	0.0130286
1.10903	4	3	3	9634	0.0130286
1.1096	4	4	3	6480	0.0026
1.11003	4	1	3	16115	0.00302856
1.11096	4	1	3	16115	0.00295714
1.11103	2	5	3	19709	0.00802856
1.11103	2	4	3	19709	0.00802856
1.11103	2	3	3	13137	0.00802856
1.11103	2	2	3	13137	0.00802856
1.11139	4	5	3	17080	0.00238571
1.11174	4	3	3	9634	0.00274285
1.11189	4	2	3	9634	0.00288571
1.11203	2	1	3	13137	0.00902856
1.11203	4	1	3	16115	0.00302856
1.11303	4	1	3	16115	0.00302856
1.11403	2	5	3	19709	0.00802856
1.11403	2	4	3	19709	0.00802856
1.11403	2	3	3	11387	0.00802856
1.11403	2	1	3	9634	0.00802856
1.11403	4	1	3	16115	0.00302856
1.11503	2	2	3	11387	0.00902856
1.11503	4	5	3	19709	0.00802856
1.11603	4	5	3	17080	0.00802856
1.11603	4	4	3	9634	0.00802856
1.11603	4	3	3	9634	0.00802856
1.11603	4	2	3	9634	0.00802856
1.11703	4	4	3	24176	0.00802856
1.11703	2	1	3	638	0.00302856
1.11803	2	5	3	17080	0.00802856
1.11803	2	4	3	17080	0.00802856
1.11803	4	5	3	19709	0.00802856
1.11803	4	4	3	19709	0.00802856
1.11903	4	5	3	19709	0.00802856
1.11903	4	4	3	19709	0.00802856
1.11903	4	3	3	13137	0.00802856
1.11903	4	2	3	13137	0.00802856
1.12003	2	5	3	24176	0.0130286
1.12003	2	4	3	24176	0.0130286
1.12003	2	3	3	16115	0.0130286
1.12003	4	3	3	463	0.0130286
1.12039	4	5	3	11824	0.00238571
1.1206	4	4	3	6480	0.0026
1.12074	4	3	3	463	0.00274285
1.12089	4	2	3	638	0.00288571
1.12103	2	2	3	11387	0.0140286
1.12103	2	1	3	16115	0.0140286
1.12103	4	1	3	16115	0.00302856
1.12196	4	1	3	16115	0.00295714
1.12203	2	5	3	24176	0.00802856
1.12203	2	4	3	24176	0.00802856
1.12203	2	3	3	16115	0.00802856
1.12203	2	2	3	16115	0.00802856
1.12339	4	5	3	10511	0.00238571
1.1236	4	4	3	5255	0.0026
1.12374	4	3	3	463	0.00274285
1.12389	4	2	3	1107	0.00288571
1.12403	2	3	3	14890	0.0140286
1.12403	4	1	3	16115	0.00302856
1.12439	2	5	3	6480	0.00238571
1.1246	2	4	3	6480	0.0026
1.12474	2	3	3	2567	0.00274285
1.12489	2	2	3	1107	0.00288571
1.12503	4	2	3	13137	0.0180286
1.12503	2	1	3	463	0.00302856
1.12589	2	2	3	1107	0.00288571
1.12589	4	2	3	1107	0.00288571
1.12603	2	1	3	463	0.00302856
1.12603	4	1	3	16115	0.00302856
1.12703	4	5	3	14453	0.00802856
1.12703	4	4	3	5604	0.00802856
1.12703	4	3	3	2567	0.00802856
1.12703	4	2	3	2567	0.00802856
1.12839	4	5	3	10511	0.00238571
1.1286	4	4	3	6480	0.0026
1.12889	2	2	3	638	0.00288571
1.12889	4	2	3	463	0.00288571
1.12903	2	1	3	463	0.00302856
1.12903	4	1	3	16115	0.00302856
1.12989	2	2	3	638	0.00288571
1.13003	2	1	3	463	0.00302856
1.13003	4	1	3	16115	0.00302856
1.13103	2	5	3	14453	0.00802856
1.13103	2	4	3	11824	0.00802856
1.13103	4	5	3	19709	0.00802856
1.13139	4	5	3	10511	0.00238571
1.1316	4	4	3	6480	0.0026
1.13174	4	3	3	463	0.00274285
1.13189	4	2	3	1107	0.00288571
1.13203	2	5	3	14453	0.00802856
1.13203	2	4	3	11824	0.00802856
1.13203	2	3	3	2567	0.00802856
1.13203	2	2	3	11387	0.00802856
1.13203	4	1	3	16115	0.00302856
1.13239	4	5	3	19709	0.00238571
1.13274	4	3	3	5604	0.00274285
1.13289	4	2	3	7005	0.00288571
1.13303	2	1	3	16115	0.00902856
1.13303	4	1	3	16115	0.00302856
1.13403	2	4	3	24176	0.00802856
1.13403	4	3	3	463	0.00802856
1.13503	4	5	3	19709	0.00802856
1.13503	4	2	3	13137	0.00802856
1.13603	2	3	3	2565	0.0130286
1.13603	4	4	3	19709	0.0130286
1.13603	4	3	3	463	0.0130286
1.13639	4	5	3	10511	0.00238571
1.1366	2	4	3	8409	0.0026
1.1366	4	4	3	3851	0.0026
1.13674	2	3	3	638	0.00274285
1.13689	2	2	3	638	0.00288571
1.13689	4	2	3	1107	0.00288571
1.13703	2	1	3	638	0.00302856
1.13703	4	1	3	16115	0.00302856
1.13739	2	5	3	14453	0.00238571
1.13767	2	3	3	7005	0.00267142
1.13781	2	2	3	7882	0.00281428
1.13796	2	1	3	638	0.00295714
1.13803	4	4	3	24176	0.00802856
1.13903	2	5	3	24176	0.0130286
1.13903	2	3	3	16115	0.0130286
1.13903	4	1	3	16115	0.00302856
1.13996	2	5	3	24176	0.0129571
1.13996	2	4	3	24176	0.0129571
1.13996	2	3	3	14890	0.0129571
1.14003	4	4	3	19709	0.0130286
1.14003	4	3	3	13137	0.0130286
1.1406	2	4	3	8409	0.0026
1.1406	4	4	3	6480	0.0026
1.14074	2	3	3	638	0.00274285
1.14089	4	2	3	1107	0.00288571
1.14103	4	1	3	16115	0.00302856
1.14203	2	5	3	10511	0.00802856
1.14239	4	5	3	10511	0.00238571
1.1426	4	4	3	6480	0.0026
1.14274	4	3	3	463	0.00274285
1.14289	4	2	3	1107	0.00288571
1.14303	2	4	3	16115	0.00802856
1.14303	4	1	3	16115	0.00302856
1.14403	4	5	3	19709	0.00802856
1.14403	4	4	3	19709	0.00802856
1.14403	4	3	3	13137	0.00802856
1.14403	4	2	3	13137	0.00802856
1.14503	4	1	3	16115	0.00302856
1.14603	2	5	3	10511	0.00802856
1.14603	2	1	3	16115	0.00802856
1.14603	4	5	3	11824	0.00802856
1.14639	2	5	3	8409	0.00238571
1.1466	2	4	3	8409	0.0026
1.14674	2	3	3	638	0.00274285
1.14689	2	2	3	1107	0.00288571
1.14703	4	3	3	463	0.0130286
1.14703	2	1	3	638	0.00302856
1.14739	4	5	3	10511	0.00238571
1.1476	2	4	3	8409	0.0026
1.1476	4	4	3	6480	0.0026
1.14774	2	3	3	638	0.00274285
1.14789	2	2	3	1107	0.00288571
1.14789	4	2	3	1107	0.00288571
1.14803	2	1	3	638	0.00302856
1.14803	4	1	3	16115	0.00302856
1.14903	2	5	3	17080	0.00802856
1.14903	2	4	3	17080	0.00802856
1.14903	2	3	3	11387	0.00802856
1.14903	2	2	3	11387	0.00802856
1.14903	4	1	3	16115	0.00302856
1.15003	2	5	3	22335	0.00802856
1.15003	2	4	3	17080	0.00802856
1.15003	4	5	3	14453	0.00802856
1.15003	4	4	3	14453	0.00802856
1.15103	2	1	3	11387	0.00902856
1.15103	4	3	3	638	0.0130286
1.15139	4	5	3	10511	0.00238571
1.1516	4	4	3	6480	0.0026
1.15174	4	3	3	463	0.00274285
1.15189	4	2	3	1107	0.00288571
1.15203	2	2	3	11387	0.0100286
1.15203	4	1	3	16115	0.00302856
1.15303	2	5	3	11824	0.00802856
1.15339	2	5	3	8409	0.00238571
1.1536	2	4	3	8409	0.0026
1.15374	2	3	3	638	0.00274285
1.15389	2	2	3	1107	0.00288571
1.15403	4	5	3	19709	0.00802856
1.15403	4	4	3	19709	0.00802856
1.15403	4	3	3	13137	0.00802856
1.15403	4	2	3	13137	0.00802856
1.15403	2	1	3	638	0.00302856
1.15503	4	3	3	2567	0.0130286
1.15503	4	2	3	5604	0.0130286
1.15539	4	5	3	8409	0.00238571
1.1556	4	4	3	3851	0.0026
1.15574	4	3	3	463	0.00274285
1.15589	4	2	3	463	0.00288571
1.15603	2	2	3	7882	0.0180286
1.15603	4	1	3	16115	0.00302856
1.15639	2	5	3	10511	0.00238571
1.15639	4	5	3	8409	0.00238571
1.1566	2	4	3	8409	0.0026
1.1566	4	4	3	3851	0.0026
1.15674	2	3	3	638	0.00274285
1.15689	4	2	3	463	0.00288571
1.15703	4	1	3	16115	0.00302856
1.15739	2	5	3	10511	0.00238571
1.1576	2	4	3	8409	0.0026
1.15774	2	3	3	638	0.00274285
1.15803	4	3	3	463	0.0130286
1.15803	2	1	3	2567	0.00302856
1.1586	2	4	3	8409	0.0026
1.15874	2	3	3	638	0.00274285
1.15903	4	1	3	16115	0.00302856
1.15989	4	2	3	7005	0.00288571
1.16003	2	3	3	11387	0.0180286
1.16003	2	1	3	11387	0.0190286
1.16003	4	1	3	16115	0.00302856
1.16039	2	5	3	10511	0.00238571
1.1606	2	4	3	8409	0.0026
1.16074	2	3	3	638	0.00274285
1.16089	2	2	3	1107	0.00288571
1.16103	2	1	3	638	0.00302856
1.16103	4	1	3	16115	0.00302856
1.16203	2	1	3	2567	0.00802856
1.16239	4	5	3	10511	0.00238571
1.1626	4	4	3	6480	0.0026
1.16274	4	3	3	463	0.00274285
1.16289	4	2	3	1107	0.00288571
1.16303	2	2	3	14890	0.00802856
1.16303	4	1	3	16115	0.00302856
1.16403	2	5	3	11824	0.00802856
1.16403	4	5	3	19709	0.00802856
1.16403	4	3	3	463	0.00802856
1.16403	4	2	3	13137	0.00802856
1.16439	2	5	3	10511	0.00238571
1.1646	2	4	3	8409	0.0026
1.16474	2	3	3	638	0.00274285
1.16489	2	2	3	1107	0.00288571
1.16503	4	5	3	19709	0.00802856
1.16503	4	4	3	22335	0.00802856
1.16503	4	3	3	7005	0.00802856
1.16503	2	1	3	638	0.00302856
1.16539	2	5	3	10511	0.00238571
1.1656	2	4	3	8409	0.0026
1.16589	2	2	3	1107	0.00288571
1.16603	4	5	3	19709	0.00802856
1.16603	4	4	3	22335	0.00802856
1.16703	2	2	3	2567	0.0130286
1.16703	4	3	3	463	0.0130286
1.16739	2	5	3	10511	0.00238571
1.16739	4	5	3	10511	0.00238571
1.1676	2	4	3	8409	0.0026
1.16774	2	3	3	638	0.00274285
1.16789	4	2	3	1107	0.00288571
1.16803	4	1	3	16115	0.00302856
1.16903	2	1	3	2567	0.0130286
1.16903	4	4	3	19709	0.0130286
1.16939	2	5	3	10511	0.00238571
1.1696	2	4	3	8409	0.0026
1.16974	2	3	3	638	0.00274285
1.16989	4	2	3	1107	0.00288571
1.17003	2	1	3	638	0.00302856
1.17003	4	1	3	16115	0.00302856
1.17096	4	2	3	16115	0.0129571
1.17103	2	3	3	11387	0.00802856
1.17103	2	1	3	16115	0.00802856
1.17139	2	5	3	10511	0.00238571
1.1716	2	4	3	8409	0.0026
1.17189	2	2	3	1107	0.00288571
1.17203	4	1	3	16115	0.00302856
1.17303	2	2	3	2567	0.00802856
1.17303	4	4	3	8409	0.00802856
1.17303	4	3	3	463	0.00802856
1.17339	4	5	3	10511	0.00238571
1.17353	4	4	3	4320	0.00252857
1.17367	4	3	3	463	0.00267142
1.17381	4	2	3	1107	0.00281428
1.17396	2	2	3	14890	0.0179571
1.17396	4	1	3	16115	0.00295714
1.17503	2	2	3	1749	0.00802856
1.17503	4	5	3	11824	0.00802856
1.17503	4	4	3	8409	0.00802856
1.17503	4	3	3	1107	0.00802856
1.17539	2	5	3	10511	0.00238571
1.1756	2	4	3	8409	0.0026
1.17574	2	3	3	638	0.00274285
1.17589	2	2	3	1107	0.00288571
1.17603	4	3	3	16115	0.0180286
1.17603	2	1	3	638	0.00302856
1.17703	2	3	3	1107	0.00802856
1.17703	2	1	3	1107	0.00802856
1.17703	4	5	3	19709	0.00802856
1.17703	4	3	3	5604	0.00802856
1.17703	4	2	3	7005	0.00802856
1.17739	4	5	3	10511	0.00238571
1.1776	4	4	3	6480	0.0026
1.17774	4	3	3	463	0.00274285
1.17789	4	2	3	1107	0.00288571
1.17803	2	1	3	2567	0.0130286
1.17803	4	1	3	16115	0.00302856
1.17839	2	5	3	10511	0.00238571
1.17839	4	5	3	10511	0.00238571
1.1786	2	4	3	8409	0.0026
1.1786	4	4	3	6480	0.0026
1.17874	2	3	3	638	0.00274285
1.17889	2	2	3	1107	0.00288571
1.17889	4	2	3	1107	0.00288571
1.17903	2	1	3	638	0.00302856
1.17903	4	1	3	16115	0.00302856
1.17939	2	5	3	10511	0.00238571
1.1796	2	4	3	8409	0.0026
1.17974	2	3	3	638	0.00274285
1.18003	2	1	3	638	0.00302856
1.18003	4	1	3	16115	0.00302856
1.18039	2	5	3	10511	0.00238571
1.1806	2	4	3	8409	0.0026
1.18074	2	3	3	638	0.00274285
1.18103	2	1	3	638	0.00302856
1.18103	4	1	3	16115	0.00302856
1.18203	4	4	3	24176	0.0130286
1.18303	4	1	3	16115	0.00302856
1.18339	2	5	3	19709	0.00238571
1.1836	2	4	3	19709	0.0026
1.18374	2	3	3	1749	0.00274285
1.18389	2	2	3	13137	0.00288571
1.18396	4	3	3	638	0.00795714
1.18403	2	1	3	16115	0.00302856
1.18503	4	5	3	19709	0.00802856
1.18503	4	4	3	19709	0.00802856
1.18503	4	3	3	13137	0.00802856
1.18503	4	2	3	13137	0.00802856
1.18603	2	2	3	2567	0.00802856
1.18603	4	5	3	19709	0.00802856
1.18603	4	4	3	17080	0.00802856
1.18603	4	3	3	11387	0.00802856
1.18603	4	2	3	13137	0.00802856
1.18639	4	5	3	10511	0.00238571
1.1866	4	4	3	6480	0.0026
1.18703	2	5	3	19709	0.00802856
1.18703	2	4	3	13137	0.00802856
1.18703	2	3	3	13137	0.00802856
1.18703	2	2	3	13137	0.00802856
1.18703	2	1	3	13137	0.00802856
1.18703	4	1	3	16115	0.00302856
1.18803	2	5	3	19709	0.00802856
1.18803	2	4	3	19709	0.00802856
1.18803	2	1	3	1749	0.00802856
1.18803	4	5	3	14453	0.00802856
1.18803	4	4	3	14453	0.00802856
1.18839	4	5	3	10511	0.00238571
1.1886	4	4	3	6480	0.0026
1.18874	4	3	3	463	0.00274285
1.18889	4	2	3	1107	0.00288571
1.18903	2	2	3	13137	0.00902856
1.18903	4	1	3	16115	0.00302856
1.18939	4	5	3	10511	0.00238571
1.1896	4	4	3	6480	0.0026
1.18974	4	3	3	13137	0.00274285
1.18989	4	2	3	1107	0.00288571
1.19003	2	2	3	14890	0.0130286
1.19003	4	1	3	16115	0.00302856
1.1906	2	4	3	19709	0.0026
1.19089	2	2	3	3502	0.00288571
1.19096	4	1	3	16115	0.00295714
1.19103	2	1	3	16115	0.00302856
1.19189	2	2	3	3502	0.00288571
1.19203	4	3	3	463	0.00802856
1.19203	4	2	3	1107	0.00802856
1.19303	2	3	3	1749	0.0130286
1.19303	4	2	3	5604	0.0130286
1.19339	2	5	3	10511	0.00238571
1.19339	4	5	3	10511	0.00238571
1.1936	4	4	3	5255	0.0026
1.19374	2	3	3	638	0.00274285
1.19389	4	2	3	463	0.00288571
1.19403	2	1	3	638	0.00302856
1.19403	4	1	3	16115	0.00302856
1.19439	2	5	3	10511	0.00238571
1.19474	2	3	3	638	0.00274285
1.19503	2	1	3	638	0.00302856
1.19503	4	1	3	16115	0.00302856
1.19603	2	5	3	19709	0.00802856
1.19603	2	3	3	13137	0.00802856
1.19603	4	5	3	19709	0.00802856
1.19603	4	3	3	11387	0.00802856
1.19603	4	2	3	11387	0.00802856
1.19639	4	5	3	10511	0.00238571
1.1966	4	4	3	6480	0.0026
1.19703	2	5	3	19709	0.00802856
1.19703	2	4	3	19709	0.00802856
1.19703	2	3	3	13137	0.00802856
1.19703	2	1	3	16115	0.00802856
1.19703	4	1	3	16115	0.00302856
1.19739	2	5	3	17080	0.00238571
1.1976	2	4	3	17080	0.0026
1.19774	2	3	3	9634	0.00274285
1.19789	2	2	3	9634	0.00288571
1.19803	4	3	3	5604	0.0180286
1.19803	2	1	3	9634	0.00302856
1.19903	2	4	3	10511	0.00802856
1.19903	2	2	3	7882	0.00802856
1.20003	2	4	3	10511	0.00802856
1.20003	4	5	3	19709	0.00802856
1.20003	4	4	3	19709	0.00802856
1.20003	4	3	3	13137	0.00802856
1.20003	4	2	3	13137	0.00802856
1.20039	2	5	3	10511	0.00238571
1.2006	2	4	3	8409	0.0026
1.20074	2	3	3	638	0.00274285
1.20089	2	2	3	1107	0.00288571
1.20103	4	4	3	13137	0.0130286
1.20103	2	1	3	638	0.00302856
1.20139	2	5	3	11824	0.00238571
1.2016	2	4	3	8409	0.0026
1.20174	2	3	3	1107	0.00274285
1.20189	2	2	3	1107	0.00288571
1.20196	4	3	3	7005	0.00795714
1.20196	4	2	3	7882	0.00795714
1.20203	2	1	3	638	0.00302856
1.2026	4	4	3	6480	0.0026
1.20289	2	2	3	1107	0.00288571
1.20289	4	2	3	1107	0.00288571
1.20303	4	1	3	16115	0.00302856
1.20339	2	5	3	19709	0.00238571
1.2036	2	4	3	19709	0.0026
1.20374	2	3	3	13137	0.00274285
1.20389	2	2	3	13137	0.00288571
1.20403	4	3	3	463	0.0130286
1.20403	2	1	3	13137	0.00302856
1.20439	4	5	3	11824	0.00238571
1.2046	4	4	3	6480	0.0026
1.20474	4	3	3	463	0.00274285
1.20489	4	2	3	1107	0.00288571
1.20503	2	2	3	14890	0.0130286
1.20503	4	1	3	16115	0.00302856
1.2056	2	4	3	8409	0.0026
1.20603	4	1	3	16115	0.00302856
1.20703	4	1	3	16115	0.00302856
1.20803	2	5	3	17080	0.00802856
1.20803	2	3	3	7882	0.00802856
1.20803	4	5	3	11824	0.00802856
1.20839	2	5	3	10511	0.00238571
1.20839	4	5	3	10511	0.00238571
1.2086	2	4	3	8409	0.0026
1.2086	4	4	3	6480	0.0026
1.20874	2	3	3	638	0.00274285
1.20889	2	2	3	1107	0.00288571
1.20889	4	2	3	1107	0.00288571
1.20903	2	1	3	638	0.00302856
1.20903	4	1	3	16115	0.00302856
1.20939	4	5	3	10511	0.00238571
1.2096	4	4	3	6480	0.0026
1.20989	4	2	3	1107	0.00288571
1.21003	4	1	3	16115	0.00302856
1.21103	2	5	3	19709	0.00802856
1.21103	2	2	3	1749	0.00802856
1.21103	4	5	3	14453	0.00802856
1.21103	4	4	3	8409	0.00802856
1.21103	4	3	3	1749	0.00802856
1.21203	2	5	3	19709	0.00802856
1.21203	2	4	3	19709	0.00802856
1.21203	4	5	3	14453	0.00802856
1.21203	4	2	3	2567	0.00802856
1.21303	2	4	3	24176	0.0130286
1.21303	2	1	3	16115	0.0130286
1.21303	4	3	3	638	0.0130286
1.21503	2	5	3	19709	0.00802856
1.21503	2	4	3	19709	0.00802856
1.21503	2	3	3	13137	0.00802856
1.21503	2	1	3	13137	0.00802856
1.21603	2	2	3	13137	0.00902856
1.21603	2	1	3	13137	0.0130286
1.21603	4	2	3	2567	0.0130286
1.21703	4	3	3	1749	0.0130286
1.21739	2	5	3	8409	0.00238571
1.21739	4	5	3	10511	0.00238571
1.21753	2	4	3	3502	0.00252857
1.2176	4	4	3	3851	0.0026
1.21767	2	3	3	638	0.00267142
1.21774	4	3	3	463	0.00274285
1.21781	2	2	3	1107	0.00281428
1.21789	4	2	3	1107	0.00288571
1.21796	2	1	3	637	0.00295714
1.21803	4	1	3	16115	0.00302856
1.21939	2	5	3	8409	0.00238571
1.21953	2	4	3	9634	0.00252857
1.21967	2	3	3	638	0.00267142
1.21981	2	2	3	1107	0.00281428
1.21996	2	1	3	463	0.00295714
1.22003	4	3	3	13137	0.0130286
1.22039	4	5	3	10511	0.00238571
1.2206	4	4	3	3851	0.0026
1.22074	4	3	3	463	0.00274285
1.22089	4	2	3	1107	0.00288571
1.22103	2	3	3	13137	0.0180286
1.22103	4	1	3	16115	0.00302856
1.22239	4	5	3	10511	0.00238571
1.2226	4	4	3	6480	0.0026
1.22274	2	3	3	638	0.00274285
1.22289	2	2	3	1107	0.00288571
1.22303	4	1	3	16115	0.00302856
1.22403	4	3	3	463	0.0180286
1.22439	2	5	3	10511	0.00238571
1.22439	4	5	3	10511	0.00238571
1.22503	2	1	3	463	0.00302856
1.22503	4	1	3	16115	0.00302856
1.22539	4	5	3	10511	0.00238571
1.22603	4	1	3	16115	0.00302856
1.22703	4	1	3	16115	0.00302856
1.22803	2	5	3	19709	0.00802856
1.22803	2	4	3	19709	0.00802856
1.22803	2	1	3	9634	0.00802856
1.22803	4	2	3	2567	0.00802856
1.22839	4	5	3	10511	0.00238571
1.2286	2	4	3	6480	0.0026
1.2286	4	4	3	6480	0.0026
1.22874	2	3	3	638	0.00274285
1.22889	2	2	3	1107	0.00288571
1.22889	4	2	3	1107	0.00288571
1.22903	2	1	3	638	0.00302856
1.22903	4	1	3	16115	0.00302856
1.23003	2	4	3	8409	0.00802856
1.23103	2	5	3	19709	0.00802856
1.23103	2	2	3	13137	0.00802856
1.23103	4	4	3	22335	0.00802856
1.23203	2	5	3	19709	0.00802856
1.23203	2	4	3	19709	0.00802856
1.23203	4	5	3	19709	0.00802856
1.23303	2	1	3	13137	0.00902856
1.23303	4	3	3	638	0.0130286
1.23403	2	5	3	7207	0.00802856
1.23503	4	4	3	22335	0.0130286
1.23503	4	3	3	463	0.0130286
1.23503	4	2	3	9634	0.0130286
1.23603	2	4	3	19709	0.0130286
1.23603	2	3	3	13137	0.0130286
1.23703	4	3	3	13137	0.0130286
1.23739	4	5	3	10511	0.00238571
1.2376	4	4	3	3851	0.0026
1.23774	4	3	3	463	0.00274285
1.23789	4	2	3	1107	0.00288571
1.23803	2	2	3	13137	0.0140286
1.23803	4	1	3	16115	0.00302856
1.23839	2	4	3	6480	0.00238571
1.2386	2	3	3	961	0.0026
1.23881	2	2	3	3851	0.00281428
1.23903	4	3	3	463	0.0130286
1.23903	2	1	3	3851	0.00302856
1.23939	4	5	3	10511	0.00238571
1.2396	4	4	3	3851	0.0026
1.23974	4	3	3	463	0.00274285
1.23989	4	2	3	1107	0.00288571
1.24003	2	3	3	9634	0.0180286
1.24003	2	2	3	9634	0.0180286
1.24003	4	1	3	14599	0.00302856
1.24039	2	4	3	6480	0.00238571
1.2406	2	3	3	1661	0.0026
1.24081	2	2	3	2626	0.00281428
1.24103	4	2	3	9634	0.0180286
1.24103	2	1	3	3851	0.00302856
1.24203	4	4	3	19709	0.0180286
1.24203	4	2	3	13137	0.0180286
1.24239	4	5	3	10511	0.00238571
1.24803	2	4	3	8409	0.00802856
1.24803	2	3	3	1661	0.00802856
1.24803	2	2	3	2626	0.00802856
1.24803	4	4	3	8409	0.00802856
1.24803	4	2	3	2626	0.00802856
1.24903	2	4	3	8409	0.00802856
1.24903	2	3	3	1661	0.00802856
1.24903	2	1	3	1661	0.00902856
1.24903	4	5	3	19709	0.00802856
1.25003	2	4	3	19709	0.00802856
1.25003	2	1	3	1661	0.00902856
1.25003	4	5	3	19709	0.00802856
1.25096	4	5	3	17080	0.00795714
1.25103	2	3	3	19709	0.00902856
1.25103	2	2	3	19709	0.00902856
1.25103	2	1	3	19709	0.00902856
1.25203	2	4	3	19709	0.00902856
1.25303	2	4	3	17080	0.00902856
1.25303	4	5	3	17080	0.00902856
1.25503	4	3	3	11824	0.0110286
1.25503	4	2	3	19709	0.0140286
1.25524	2	4	3	1684	0.00224286
1.25546	2	3	3	961	0.00245714
1.25574	2	2	3	1283	0.00274285
1.25603	4	4	3	14453	0.0120286
1.25603	2	1	3	932	0.00302856
1.25703	4	3	3	8409	0.0140286
1.25903	4	4	3	19709	0.0180286
1.26003	4	4	3	19709	0.0180286
1.26046	2	3	3	1283	0.00245714
1.26074	2	2	3	5138	0.00274285
1.26103	4	3	3	17080	0.0190286
1.26103	4	2	3	19709	0.0190286
1.26103	2	1	3	932	0.00302856
1.26203	4	4	3	14453	0.0190286
1.26203	4	2	3	14453	0.0190286
1.26303	2	2	3	19709	0.0200286
1.26339	4	5	3	10511	0.00238571
1.2636	4	4	3	6480	0.0026
1.26381	4	3	3	697	0.00281428
1.26396	4	2	3	638	0.00295714
1.26403	2	3	3	14453	0.0200286
1.26403	2	2	3	14453	0.0200286
1.26446	2	3	3	1283	0.00245714
1.2646	4	4	3	3851	0.0026
1.26474	2	2	3	1283	0.00274285
1.26481	4	3	3	697	0.00281428
1.26503	2	1	3	932	0.00302856
1.26503	4	2	3	961	0.00302856
1.26539	4	5	3	10511	0.00238571
1.26546	2	3	3	1283	0.00245714
1.2656	4	4	3	6480	0.0026
1.26574	2	2	3	1283	0.00274285
1.26581	4	3	3	697	0.00281428
1.26603	2	1	3	932	0.00302856
1.26603	4	2	3	961	0.00302856
1.26639	4	5	3	10511	0.00238571
1.26646	2	3	3	5138	0.00245714
1.2666	4	4	3	6480	0.0026
1.26674	2	2	3	5138	0.00274285
1.26681	4	3	3	8409	0.00281428
1.26703	2	1	3	5138	0.00302856
1.26739	4	5	3	10511	0.00238571
1.26746	2	3	3	1283	0.00245714
1.26774	2	2	3	5138	0.00274285
1.26781	4	3	3	8409	0.00281428
1.26803	2	1	3	1283	0.00302856
1.26839	4	5	3	10511	0.00238571
1.26846	2	3	3	1283	0.00245714
1.26874	2	2	3	5138	0.00274285
1.26881	4	3	3	8409	0.00281428
1.26903	2	1	3	3502	0.00302856
1.27003	4	5	3	10511	0.00802856
1.27003	2	1	3	3502	0.00302856
1.27039	4	5	3	8409	0.00238571
1.2706	4	4	3	22335	0.0026
1.27074	2	2	3	14014	0.00274285
1.27081	4	3	3	8409	0.00281428
1.27103	2	1	3	29784	0.00302856
1.27146	2	3	3	14014	0.00245714
1.27174	2	2	3	14014	0.00274285
1.27203	4	2	3	8409	0.00802856
1.27303	4	4	3	24176	0.00802856
1.27403	4	4	3	24176	0.00802856
1.27403	4	2	3	2626	0.00802856
1.27439	4	5	3	10511	0.00238571
1.27503	2	3	3	32234	0.00802856
1.27503	2	2	3	32234	0.00802856
1.27503	4	2	3	961	0.00302856
1.27603	2	3	3	15767	0.00802856
1.27603	4	2	3	1107	0.00802856
1.27639	4	5	3	10511	0.00238571
1.27681	4	3	3	8409	0.00281428
1.27703	2	1	3	29784	0.00802856
1.27703	4	2	3	961	0.00302856
1.27803	2	3	3	14014	0.00802856
1.27803	2	1	3	29784	0.00802856
1.27839	4	5	3	10511	0.00238571
1.27903	2	2	3	14014	0.00902856
1.27903	2	1	3	29784	0.00802856
1.28003	2	3	3	14014	0.00902856
1.28003	4	4	3	22335	0.00802856
1.2806	4	4	3	8409	0.0026
1.28081	4	3	3	1661	0.00281428
1.28103	2	1	3	5138	0.00302856
1.28146	2	3	3	5138	0.00245714
1.28174	2	2	3	15767	0.00274285
1.28196	4	4	3	22335	0.00795714
1.28203	2	1	3	5138	0.00302856
1.28246	2	3	3	5138	0.00245714
1.28274	2	2	3	15767	0.00274285
1.28303	4	2	3	24176	0.0180286
1.28403	4	4	3	19709	0.00802856
1.28403	4	3	3	8409	0.00802856
1.28403	4	2	3	10511	0.00802856
1.28503	2	2	3	14014	0.0140286
1.28603	2	2	3	15767	0.00802856
1.28603	4	5	3	11824	0.00802856
1.28603	4	2	3	2626	0.00802856
1.28639	4	5	3	8409	0.00238571
1.28646	2	3	3	14014	0.00245714
1.2866	4	4	3	22335	0.0026
1.28674	2	2	3	14014	0.00274285
1.28681	4	3	3	8409	0.00281428
1.28703	2	1	3	29784	0.00302856
1.28703	4	2	3	961	0.00302856
1.28739	4	5	3	8409	0.00238571
1.28781	4	3	3	8409	0.00281428
1.28803	2	1	3	32234	0.00802856
1.28803	4	2	3	961	0.00302856
1.28839	4	5	3	8409	0.00238571
1.28903	2	3	3	11211	0.00802856
1.28903	2	1	3	11211	0.00802856
1.29039	4	5	3	8409	0.00238571
1.29081	4	3	3	697	0.00281428
1.29103	2	3	3	15767	0.0130286
1.29103	4	2	3	10511	0.00302856
1.29139	4	5	3	10511	0.00238571
1.29146	2	3	3	2218	0.00245714
1.2916	4	4	3	17080	0.0026
1.29174	2	2	3	3502	0.00274285
1.29181	4	3	3	697	0.00281428
1.29203	2	1	3	2218	0.00302856
1.29203	4	2	3	1661	0.00302856
1.29246	2	3	3	14014	0.00245714
1.29274	2	2	3	14014	0.00274285
1.29303	4	4	3	24176	0.00802856
1.29403	4	4	3	24176	0.00802856
1.29403	4	3	3	8409	0.00802856
1.29403	4	2	3	14453	0.00802856
1.29439	4	5	3	11824	0.00238571
1.2946	4	4	3	6480	0.0026
1.29481	4	3	3	1661	0.00281428
1.29503	2	2	3	15767	0.0140286
1.29503	4	2	3	2626	0.00302856
1.29546	2	3	3	15767	0.00245714
1.29574	2	2	3	3502	0.00274285
1.29603	4	4	3	17080	0.00802856
1.2966	4	4	3	14453	0.0026
1.29674	2	2	3	3502	0.00274285
1.29703	2	1	3	29784	0.00302856
1.29739	4	5	3	10511	0.00238571
1.29781	4	3	3	8409	0.00281428
1.29796	2	1	3	29784	0.00795714
1.29803	4	2	3	1661	0.00302856
1.29839	4	5	3	10511	0.00238571
1.29903	2	3	3	14014	0.00802856
1.29903	2	2	3	14014	0.00802856
1.29903	4	2	3	1661	0.00302856
1.29939	4	5	3	10511	0.00238571
1.29981	4	3	3	6480	0.00281428
1.29996	2	1	3	32234	0.00895713
1.30003	4	2	3	10511	0.00302856
1.30024	4	5	3	4471	0.00224286
1.30046	4	4	3	14453	0.00245714
1.30074	4	3	3	19269	0.00274285
1.30103	2	1	3	29784	0.00802856
1.30103	4	2	3	19269	0.00302856
1.30203	2	3	3	22775	0.00802856
1.30203	4	5	3	17080	0.00802856
1.30203	4	3	3	14453	0.00802856
1.30203	4	2	3	14453	0.00802856
1.30246	2	3	3	14014	0.00245714
1.30274	2	2	3	15767	0.00274285
1.30303	4	4	3	22335	0.00802856
1.30403	4	4	3	24176	0.00802856
1.30403	4	3	3	8409	0.00802856
1.30446	2	3	3	15767	0.00245714
1.30474	2	2	3	19269	0.00274285
1.30503	4	4	3	17080	0.00802856
1.30746	4	4	3	16888	0.00245714
1.30774	4	3	3	5138	0.00274285
1.30803	2	1	3	29784	0.00802856
1.30803	4	2	3	5138	0.00302856
1.30903	2	3	3	14014	0.00802856
1.30903	2	2	3	15767	0.00802856
1.3096	4	3	3	16819	0.0026
1.31003	2	1	3	32234	0.00902856
1.31003	4	2	3	7706	0.00302856
1.31403	4	3	3	7706	0.00802856
1.31403	4	2	3	7706	0.00802856
1.3146	4	3	3	3326	0.0026
1.31467	2	2	3	11211	0.00267142
1.31503	4	2	3	5255	0.00302856
1.31603	2	1	3	32234	0.0140286
1.31603	4	4	3	19269	0.0130286
1.31703	4	4	3	19269	0.0130286
1.3186	4	3	3	1401	0.0026
1.31903	2	2	3	19269	0.0150286
1.31903	4	2	3	1925	0.00302856
1.32003	2	3	3	6480	0.00802856
1.32203	2	2	3	19269	0.0190286
1.32346	2	3	3	1283	0.00245714
1.3236	4	3	3	1401	0.0026
1.32374	2	2	3	2218	0.00274285
1.32403	4	2	3	1925	0.00302856
1.32403	2	1	3	1283	0.00302856
1.32503	2	1	3	32234	0.0130286
1.32503	4	3	3	28907	0.00802856
1.32503	4	2	3	28907	0.00802856
1.3256	4	3	3	5255	0.0026
1.32603	4	2	3	5255	0.00302856
1.32646	2	3	3	1283	0.00245714
1.3266	4	3	3	1401	0.0026
1.32674	2	2	3	15767	0.00274285
1.32703	4	2	3	5255	0.00302856
1.32746	2	3	3	1283	0.00245714
1.3276	4	3	3	1401	0.0026
1.32774	2	2	3	5138	0.00274285
1.32803	4	2	3	5255	0.00302856
1.32846	2	3	3	1283	0.00245714
1.3286	4	3	3	1401	0.0026
1.32874	2	2	3	5138	0.00274285
1.32903	4	2	3	1925	0.00302856
1.32903	2	1	3	1283	0.00302856
1.32946	2	3	3	1283	0.00245714
1.3296	4	3	3	10511	0.0026
1.32974	2	2	3	14014	0.00274285
1.33003	4	2	3	16819	0.00302856
1.33003	2	1	3	1283	0.00302856
1.33103	2	3	3	11211	0.00802856
1.33103	2	2	3	15767	0.00802856
1.3316	4	3	3	10511	0.0026
1.33203	2	1	3	22775	0.00902856
1.33203	4	2	3	16819	0.00302856
1.3326	4	3	3	10511	0.0026
1.33303	2	1	3	22775	0.00902856
1.33303	4	2	3	16819	0.00302856
1.33353	4	3	3	8758	0.00252857
1.33396	2	1	3	3502	0.00895713
1.33396	4	2	3	16819	0.00295714
1.33446	2	3	3	1283	0.00245714
1.3346	4	3	3	10511	0.0026
1.33474	2	2	3	14014	0.00274285
1.33503	4	2	3	16819	0.00302856
1.33503	2	1	3	1283	0.00302856
1.33546	2	3	3	1283	0.00245714
1.33603	4	3	3	24088	0.00802856
1.33603	4	2	3	28907	0.00802856
1.33603	2	1	3	1283	0.00302856
1.3366	4	3	3	3326	0.0026
1.33703	4	2	3	5255	0.00302856
1.33703	2	1	3	1283	0.00302856
1.34003	4	2	3	16819	0.00302856
1.3406	4	3	3	10511	0.0026
1.34103	2	2	3	15767	0.00802856
1.34103	4	2	3	16819	0.00302856
1.34203	4	2	3	12964	0.00302856
1.34303	4	2	3	28907	0.00802856
1.34403	2	1	3	29784	0.00902856
1.34503	4	3	3	16819	0.00802856
1.34703	2	3	3	32234	0.0130286
1.34703	2	2	3	32234	0.0130286
1.34803	2	2	3	32234	0.0130286
1.34903	2	3	3	32234	0.0130286
1.34903	2	1	3	29784	0.0120286
1.35003	2	2	3	32234	0.0140286
1.35103	2	3	3	32234	0.0140286
1.35103	2	2	3	32234	0.0140286
1.35146	2	3	3	8641	0.00245714
1.35203	4	3	3	10511	0.0130286
1.35203	2	1	3	1283	0.00302856
1.35303	4	3	3	28907	0.0180286
1.35346	2	3	3	2218	0.00245714
1.35374	2	2	3	3502	0.00274285
1.35403	4	3	3	28907	0.0180286
1.35403	2	1	3	1283	0.00302856
1.35503	4	3	3	10511	0.0120286
1.35503	4	2	3	28907	0.0190286
1.35546	2	3	3	2218	0.00245714
1.35574	2	2	3	3502	0.00274285
1.35603	4	2	3	21022	0.0130286
1.35603	2	1	3	2218	0.00302856
1.3566	4	3	3	1401	0.0026
1.35703	2	2	3	11211	0.00802856
1.35703	4	2	3	3326	0.00302856
1.35774	2	2	3	5138	0.00274285
1.35803	4	2	3	3326	0.00302856
1.3586	4	3	3	3326	0.0026
1.35874	2	2	3	5138	0.00274285
1.35903	4	2	3	3326	0.00302856
1.35974	2	2	3	5138	0.00274285
1.36003	4	2	3	3326	0.00302856
1.36074	2	2	3	5138	0.00274285
1.36174	2	2	3	5138	0.00274285
1.36203	2	1	3	5138	0.00302856
1.36303	2	1	3	5138	0.00802856
1.36403	2	3	3	2218	0.00802856
1.36403	2	1	3	5138	0.00802856
1.36503	2	1	3	5138	0.00802856
1.36603	2	3	3	5138	0.00802856
1.36603	2	1	3	5138	0.00802856
1.36603	4	3	3	28907	0.00802856
1.36703	2	3	3	5138	0.00802856
1.36703	4	3	3	24088	0.00802856
1.36703	4	2	3	21022	0.00802856
1.36803	2	3	3	5138	0.0130286
1.36803	4	3	3	16819	0.0130286
1.36903	4	3	3	10511	0.00802856
1.36903	4	2	3	16819	0.00802856
1.37003	2	3	3	5138	0.0130286
1.37003	4	3	3	16819	0.0130286
1.37046	2	3	3	2218	0.00245714
1.37074	2	2	3	15767	0.00274285
1.37103	4	2	3	28907	0.0130286
1.37103	2	1	3	3502	0.00302856
1.37146	2	3	3	2218	0.00245714
1.3716	4	3	3	3326	0.0026
1.37174	2	2	3	15767	0.00274285
1.37203	4	2	3	3326	0.00302856
1.37274	2	2	3	15767	0.00274285
1.37303	4	2	3	16819	0.00302856
1.3736	4	3	3	3326	0.0026
1.37403	2	3	3	2218	0.00802856
1.3746	4	3	3	10511	0.0026
1.37503	2	1	3	3502	0.00902856
1.37503	4	2	3	12964	0.00302856
1.37546	2	3	3	2218	0.00245714
1.3756	4	3	3	3326	0.0026
1.37574	2	2	3	2218	0.00274285
1.37603	4	2	3	12964	0.00302856
1.3766	4	3	3	3326	0.0026
1.37703	2	1	3	2218	0.00802856
1.37796	2	1	3	2218	0.00795714
1.37803	4	3	3	16819	0.00802856
1.37903	2	2	3	15767	0.0130286
1.37903	4	2	3	16819	0.00802856
1.3796	4	3	3	3326	0.0026
1.37967	2	2	3	11211	0.00267142
1.37996	2	1	3	1283	0.00295714
1.38003	4	2	3	5255	0.00302856
1.3806	4	3	3	28907	0.0026
1.38103	2	1	3	2218	0.00802856
1.38103	4	2	3	28907	0.00302856
1.38146	2	3	3	2218	0.00245714
1.38203	4	2	3	21022	0.00802856
1.38203	2	1	3	1283	0.00302856
1.3826	4	3	3	28907	0.0026
1.38303	2	3	3	5138	0.0130286
1.38303	4	2	3	28907	0.00302856
1.38374	2	2	3	15767	0.00274285
1.38503	2	3	3	6480	0.00802856
1.38503	4	2	3	5255	0.00302856
1.3856	4	3	3	10511	0.0026
1.38574	2	2	3	15767	0.00274285
1.38603	2	1	3	1283	0.00302856
1.3866	4	3	3	28907	0.0026
1.38703	2	2	3	15767	0.00802856
1.38703	4	2	3	28907	0.00302856
1.38774	2	2	3	5138	0.00274285
1.38903	2	3	3	3502	0.00802856
1.38903	2	1	3	3502	0.00802856
1.38903	4	2	3	28907	0.00802856
1.38946	2	3	3	1283	0.00245714
1.39003	4	3	3	48353	0.00802856
1.39003	2	1	3	1283	0.00302856
1.39103	2	3	3	2218	0.00802856
1.39146	2	3	3	1283	0.00245714
1.3916	4	3	3	12964	0.0026
1.39174	2	2	3	15767	0.00274285
1.39203	4	2	3	16819	0.00302856
1.39203	2	1	3	1283	0.00302856
1.39303	2	3	3	5138	0.00802856
1.39303	2	1	3	5138	0.00802856
1.39303	4	3	3	28907	0.00802856
1.39346	2	3	3	1283	0.00245714
1.39403	2	1	3	1283	0.00302856
1.3946	4	3	3	3326	0.0026
1.39496	2	2	3	15767	0.00795714
1.39503	4	2	3	5255	0.00302856
1.39546	2	3	3	5138	0.00245714
1.39574	2	2	3	5138	0.00274285
1.39603	4	2	3	48353	0.0130286
1.39603	2	1	3	5138	0.00302856
1.39646	2	3	3	2218	0.00245714
1.39674	2	2	3	5138	0.00274285
1.39703	4	2	3	5255	0.00302856
1.39753	2	3	3	2772	0.00252857
1.39767	2	2	3	4420	0.00267142
1.39803	4	2	3	21022	0.0130286
1.39803	2	1	3	1603	0.00302856
1.39903	2	2	3	15767	0.00802856
1.40103	2	3	3	15415	0.00302856
1.40203	2	1	3	5138	0.00802856
1.40203	4	3	3	16819	0.00802856
1.40303	2	3	3	6656	0.00302856
1.40403	2	3	3	15415	0.00302856
1.40503	4	2	3	3326	0.00802856
1.40703	2	3	3	25929	0.00302856
1.40703	4	2	3	1925	0.00302856
1.41003	2	3	3	7706	0.0130286
1.41003	2	1	3	7044	0.0130286
1.41103	2	3	3	6656	0.00802856
1.41203	2	3	3	3851	0.00302856
1.41396	2	3	3	3532	0.00295714
1.41503	2	3	3	25929	0.00902856
1.41603	2	3	3	15415	0.00302856
1.41853	2	3	3	1497	0.00252857
1.41903	4	3	3	16819	0.0210286
1.42003	4	3	3	12964	0.0190286
1.42103	4	2	3	16819	0.0200286
1.42203	4	3	3	1401	0.0180286
1.42303	4	2	3	1925	0.00302856
1.42396	4	2	3	1925	0.00295714
1.42403	2	3	3	25929	0.0190286
1.4246	4	3	3	48353	0.0026
1.42503	4	2	3	1925	0.00302856
1.42531	4	3	3	15692	0.00231428
1.42603	4	2	3	3209	0.00302856
1.42703	4	2	3	96146	0.00302856
1.42903	4	3	3	1166	0.00802856
1.43303	2	3	3	96710	0.0190286
1.43303	4	3	3	1401	0.0130286
