Time(sec)	CellId	BwpId	IMSI	pathLoss(dB)
0.0179286	1	0	1	-90.8393
0.0179286	1	0	2	-83.3808
0.0179286	1	0	3	-91.8355
0.0179286	1	0	4	-89.6864
0.0179286	1	0	5	-81.08
0.0179286	3	0	6	-90.3573
0.0179286	3	0	7	-84.1863
0.0179286	3	0	8	-99.3484
0.0179286	3	0	9	-89.9757
0.0179286	3	0	10	-83.2758
0.0348571	1	0	4	-89.5123
0.0508571	3	0	6	-90.1819
0.0538571	1	0	2	-83.7437
0.0538571	3	0	8	-99.0414
0.0618571	1	0	5	-81.6727
0.0638571	3	0	10	-83.5938
0.0708571	3	0	9	-89.7265
0.0818571	3	0	7	-83.6599
0.0978571	1	0	3	-91.7102
0.0998571	1	0	1	-91.0089
0.114857	1	0	4	-89.8632
0.130857	3	0	6	-90.2602
0.133857	1	0	2	-83.6566
0.133857	3	0	8	-98.2169
0.141857	1	0	5	-82.0328
0.143857	3	0	10	-83.6227
0.150857	3	0	9	-89.3562
0.161857	3	0	7	-83.5947
0.177857	1	0	3	-91.8224
0.179857	1	0	1	-90.0228
0.194857	1	0	4	-90.8447
0.210857	3	0	6	-90.6406
0.213857	1	0	2	-83.9775
0.213857	3	0	8	-98.9974
0.221857	1	0	5	-82.4213
0.223857	3	0	10	-82.9656
0.230857	3	0	9	-89.5084
0.241857	3	0	7	-84.3246
0.257857	1	0	3	-91.7078
0.259857	1	0	1	-89.6459
0.274857	1	0	4	-91.2059
0.290857	3	0	6	-90.5605
0.293857	1	0	2	-84.8146
0.293857	3	0	8	-98.8285
0.301857	1	0	5	-82.0634
0.303857	3	0	10	-82.7248
0.310857	3	0	9	-89.7053
0.321857	3	0	7	-85.1177
0.337857	1	0	3	-91.4572
0.339857	1	0	1	-89.2094
0.354857	1	0	4	-91.901
0.370857	3	0	6	-91.0603
0.373857	1	0	2	-86.1102
0.373857	3	0	8	-98.7521
0.381857	1	0	5	-82.1713
0.383857	3	0	10	-82.5066
0.390857	3	0	9	-88.7616
0.401857	3	0	7	-84.828
0.417857	1	0	3	-92.2994
0.419857	1	0	1	-88.5532
0.434857	1	0	4	-91.8257
0.450857	3	0	6	-90.5264
0.453857	1	0	2	-86.0518
0.453857	3	0	8	-98.8474
0.461857	1	0	5	-82.0702
0.463857	3	0	10	-82.6467
0.470857	3	0	9	-89.1974
0.481857	3	0	7	-84.9767
0.497857	1	0	3	-93.8532
0.499857	1	0	1	-88.7494
0.514857	1	0	4	-91.575
0.530857	3	0	6	-90.7387
0.533857	1	0	2	-85.4857
0.533857	3	0	8	-98.8237
0.541857	1	0	5	-82.3916
0.543857	3	0	10	-82.072
0.550857	3	0	9	-89.6795
0.561857	3	0	7	-84.1133
0.577857	1	0	3	-94.1
0.579857	1	0	1	-88.869
0.594857	1	0	4	-92.1555
0.610857	3	0	6	-91.0663
0.613857	1	0	2	-85.348
0.613857	3	0	8	-99.3292
0.621857	1	0	5	-82.0678
0.623857	3	0	10	-82.1092
0.630857	3	0	9	-90.5753
0.641857	3	0	7	-83.8747
0.657857	1	0	3	-94.4297
0.659857	1	0	1	-89.2514
0.674857	1	0	4	-93.2887
0.690857	3	0	6	-90.5877
0.693857	1	0	2	-85.4224
0.693857	3	0	8	-99.0417
0.701857	1	0	5	-82.5901
0.703857	3	0	10	-81.8863
0.710857	3	0	9	-89.9635
0.721857	3	0	7	-84.0688
0.737857	1	0	3	-94.8193
0.739857	1	0	1	-88.9167
0.754857	1	0	4	-94.0441
0.770857	3	0	6	-89.692
0.773857	1	0	2	-85.7346
0.773857	3	0	8	-98.6961
0.781857	1	0	5	-83.161
0.783857	3	0	10	-82.0241
0.790857	3	0	9	-90.825
0.801857	3	0	7	-85.0153
0.817857	1	0	3	-94.9981
0.819857	1	0	1	-89.4854
0.834857	1	0	4	-94.1367
0.850857	3	0	6	-89.2615
0.853857	1	0	2	-85.3258
0.853857	3	0	8	-99.107
0.861857	1	0	5	-82.4332
0.863857	3	0	10	-82.8375
0.870857	3	0	9	-91.8223
0.881857	3	0	7	-84.043
0.897857	1	0	3	-95.374
0.899857	1	0	1	-89.5242
0.914857	1	0	4	-94.5016
0.930857	3	0	6	-88.9837
0.933857	1	0	2	-85.0818
0.933857	3	0	8	-98.413
0.941857	1	0	5	-82.5441
0.943857	3	0	10	-82.6963
0.950857	3	0	9	-91.9036
0.961857	3	0	7	-84.3241
0.977857	1	0	3	-95.6079
0.979857	1	0	1	-90.0804
0.994857	1	0	4	-94.0893
1.01086	3	0	6	-88.7855
1.01386	1	0	2	-84.71
1.01386	3	0	8	-98.1511
1.01593	1	0	1	-90.5457
1.01593	3	0	6	-88.9057
1.01593	3	0	7	-84.6629
1.01593	1	0	2	-84.7927
1.01593	1	0	3	-95.4517
1.01593	3	0	8	-98.1329
1.01593	3	0	9	-92.1926
1.01593	1	0	4	-94
1.01593	1	0	5	-82.6159
1.01593	3	0	10	-83.0056
1.01693	1	0	1	-90.6372
1.01693	3	0	6	-88.9159
1.01693	3	0	7	-84.6678
1.01693	1	0	2	-84.7993
1.01693	1	0	3	-95.3802
1.01693	3	0	8	-98.121
1.01693	3	0	9	-92.2285
1.01693	1	0	4	-94.0663
1.01693	1	0	5	-82.647
1.01693	3	0	10	-82.9905
1.01793	1	0	1	-90.6509
1.01793	3	0	6	-88.9792
1.01793	3	0	7	-84.6245
1.01793	1	0	2	-84.7878
1.01793	1	0	3	-95.4248
1.01793	3	0	8	-98.1159
1.01793	3	0	9	-92.1458
1.01793	1	0	4	-94.0269
1.01793	1	0	5	-82.6204
1.01793	3	0	10	-83.0854
1.01893	3	0	6	-88.9403
1.01893	3	0	7	-84.6611
1.01893	3	0	9	-92.1686
1.01893	3	0	10	-83.0481
1.01893	1	0	1	-90.6912
1.01893	1	0	2	-84.755
1.01893	1	0	3	-95.3751
1.01893	1	0	4	-93.9594
1.01893	3	0	8	-97.9759
1.01893	1	0	5	-82.6629
1.01993	3	0	6	-88.9124
1.01993	3	0	7	-84.7575
1.01993	3	0	9	-92.1806
1.01993	3	0	10	-82.9992
1.01993	1	0	1	-90.669
1.01993	1	0	2	-84.6775
1.01993	1	0	3	-95.3121
1.01993	1	0	4	-93.955
1.01993	3	0	8	-97.8001
1.01993	1	0	5	-82.5464
1.02093	3	0	6	-88.9945
1.02093	3	0	7	-84.8032
1.02093	3	0	9	-92.2875
1.02093	3	0	10	-83.0209
1.02093	1	0	1	-90.6418
1.02093	1	0	2	-84.7308
1.02093	1	0	3	-95.3175
1.02093	1	0	4	-93.8992
1.02093	3	0	8	-97.7648
1.02093	1	0	5	-82.5945
1.02186	1	0	5	-82.6798
1.02193	1	0	1	-90.6672
1.02193	1	0	2	-84.633
1.02193	1	0	3	-95.3052
1.02193	1	0	4	-93.9135
1.02193	3	0	8	-97.7155
1.02193	1	0	5	-82.6784
1.02293	1	0	1	-90.5765
1.02293	1	0	2	-84.5295
1.02293	1	0	3	-95.2842
1.02293	1	0	4	-93.8856
1.02293	3	0	8	-97.728
1.02293	1	0	5	-82.6036
1.02386	3	0	10	-83.0726
1.02393	1	0	1	-90.7231
1.02393	1	0	2	-84.5535
1.02393	3	0	8	-97.6809
1.02393	1	0	3	-95.137
1.02393	1	0	4	-93.8006
1.02393	1	0	5	-82.6398
1.02493	1	0	1	-90.6794
1.02493	1	0	2	-84.492
1.02493	3	0	8	-97.7419
1.02493	1	0	3	-95.1677
1.02493	1	0	4	-93.7655
1.02493	1	0	5	-82.5474
1.02593	3	0	6	-88.9
1.02593	1	0	1	-90.7483
1.02593	3	0	7	-84.759
1.02593	1	0	2	-84.4637
1.02593	3	0	8	-97.6575
1.02593	1	0	3	-95.1267
1.02593	3	0	9	-92.1304
1.02593	1	0	4	-93.7276
1.02593	1	0	5	-82.4907
1.02593	3	0	10	-83.0836
1.02693	3	0	6	-88.8861
1.02693	1	0	1	-90.8038
1.02693	3	0	7	-84.8823
1.02693	1	0	2	-84.5064
1.02693	3	0	8	-97.6144
1.02693	1	0	3	-95.1746
1.02693	3	0	9	-92.1951
1.02693	1	0	4	-93.7822
1.02693	1	0	5	-82.5736
1.02693	3	0	10	-82.9853
1.02793	3	0	6	-88.8882
1.02793	1	0	1	-90.8291
1.02793	3	0	7	-84.8558
1.02793	1	0	2	-84.4837
1.02793	3	0	8	-97.6511
1.02793	1	0	3	-95.289
1.02793	3	0	9	-92.2941
1.02793	1	0	4	-93.7812
1.02793	1	0	5	-82.5298
1.02793	3	0	10	-82.9686
1.02893	3	0	6	-88.8547
1.02893	1	0	1	-90.8404
1.02893	3	0	7	-84.7132
1.02893	1	0	2	-84.4296
1.02893	3	0	8	-97.5954
1.02893	1	0	3	-95.2694
1.02893	3	0	9	-92.333
1.02893	1	0	4	-93.7057
1.02893	1	0	5	-82.59
1.02893	3	0	10	-82.9406
1.02993	3	0	6	-88.8536
1.02993	3	0	7	-84.676
1.02993	3	0	9	-92.2993
1.02993	1	0	5	-82.4891
1.02993	3	0	10	-82.9399
1.02993	1	0	1	-90.8568
1.02993	1	0	2	-84.3917
1.02993	3	0	8	-97.719
1.02993	1	0	3	-95.3596
1.02993	1	0	4	-93.7158
1.03086	3	0	9	-92.331
1.03093	3	0	6	-88.8435
1.03093	3	0	7	-84.5779
1.03093	3	0	10	-82.9261
1.03093	1	0	4	-93.7157
1.03093	3	0	8	-97.7461
1.03093	1	0	5	-82.5404
1.03093	1	0	1	-90.9181
1.03093	1	0	2	-84.4141
1.03093	1	0	3	-95.2878
1.03093	3	0	9	-92.3441
1.03193	3	0	6	-88.8055
1.03193	3	0	7	-84.5687
1.03193	3	0	10	-83.0002
1.03193	1	0	3	-95.2684
1.03193	3	0	9	-92.3506
1.03193	1	0	4	-93.7724
1.03193	3	0	8	-97.7454
1.03193	1	0	5	-82.5999
1.03193	1	0	1	-90.9772
1.03193	1	0	2	-84.3951
1.03293	1	0	5	-82.5688
1.03293	1	0	3	-95.2379
1.03293	1	0	4	-93.7734
1.03293	3	0	8	-97.664
1.03293	1	0	1	-90.9864
1.03293	1	0	2	-84.4314
1.03393	1	0	4	-93.8384
1.03393	1	0	5	-82.5809
1.03393	1	0	3	-95.1847
1.03393	3	0	8	-97.7436
1.03393	1	0	1	-91.0277
1.03393	1	0	2	-84.4679
1.03493	1	0	1	-91.0013
1.03493	1	0	2	-84.4944
1.03493	1	0	4	-93.9017
1.03493	1	0	5	-82.6092
1.03493	1	0	3	-95.1392
1.03493	3	0	8	-97.6896
1.03593	1	0	1	-90.9981
1.03593	1	0	2	-84.4472
1.03593	1	0	3	-95.1693
1.03593	1	0	4	-93.8906
1.03593	1	0	5	-82.6184
1.03593	3	0	8	-97.6546
1.03693	1	0	1	-91.0173
1.03693	1	0	2	-84.5217
1.03693	1	0	3	-95.1674
1.03693	1	0	4	-93.9469
1.03693	3	0	8	-97.7281
1.03693	1	0	5	-82.6144
1.03793	1	0	3	-95.103
1.03793	1	0	4	-93.9088
1.03793	3	0	8	-97.7587
1.03793	1	0	5	-82.5967
1.03893	1	0	1	-90.9877
1.03893	1	0	2	-84.6248
1.03893	1	0	3	-95.127
1.03893	1	0	4	-93.8581
1.03893	3	0	8	-97.7019
1.03893	1	0	5	-82.6472
1.03993	1	0	1	-91.0318
1.03993	1	0	2	-84.6517
1.03993	1	0	3	-95.1089
1.03993	1	0	4	-93.8833
1.03993	3	0	8	-97.7449
1.03993	1	0	5	-82.6485
1.04093	1	0	1	-91.1034
1.04093	1	0	2	-84.6232
1.04093	1	0	3	-95.0952
1.04093	1	0	5	-82.7145
1.04093	1	0	4	-93.8307
1.04093	3	0	8	-97.7382
1.04186	3	0	7	-84.3649
1.04193	1	0	4	-93.8837
1.04193	3	0	8	-97.7297
1.04193	1	0	1	-91.1435
1.04193	1	0	2	-84.5774
1.04193	1	0	3	-95.1377
1.04193	1	0	5	-82.6139
1.04293	1	0	4	-93.882
1.04293	1	0	5	-82.6106
1.04293	3	0	8	-97.7751
1.04393	1	0	1	-91.2304
1.04393	3	0	6	-88.9241
1.04393	1	0	2	-84.641
1.04393	3	0	7	-84.3044
1.04393	3	0	8	-97.7628
1.04393	1	0	3	-95.3068
1.04393	1	0	4	-93.8913
1.04393	3	0	9	-92.5353
1.04393	1	0	5	-82.5205
1.04393	3	0	10	-82.8358
1.04493	1	0	1	-91.2619
1.04493	1	0	2	-84.6666
1.04493	1	0	3	-95.3234
1.04493	3	0	6	-88.9465
1.04493	3	0	7	-84.2894
1.04493	3	0	8	-97.7088
1.04493	3	0	9	-92.5322
1.04493	1	0	5	-82.6077
1.04493	3	0	10	-82.8565
1.04593	1	0	1	-91.1613
1.04593	1	0	2	-84.6832
1.04593	1	0	3	-95.3327
1.04593	1	0	5	-82.576
1.04593	3	0	6	-88.8969
1.04593	3	0	7	-84.2572
1.04593	3	0	8	-97.6303
1.04593	3	0	9	-92.5597
1.04593	1	0	4	-93.9098
1.04593	3	0	10	-82.913
1.04693	1	0	1	-91.1164
1.04693	3	0	6	-88.8742
1.04693	1	0	2	-84.6124
1.04693	3	0	7	-84.1945
1.04693	1	0	3	-95.2216
1.04693	3	0	8	-97.6172
1.04693	3	0	9	-92.5856
1.04693	1	0	4	-93.8945
1.04693	1	0	5	-82.5963
1.04693	3	0	10	-82.8727
1.04793	3	0	6	-88.8936
1.04793	3	0	7	-84.1448
1.04793	3	0	8	-97.6274
1.04793	3	0	9	-92.4261
1.04793	1	0	4	-93.8851
1.04793	1	0	5	-82.5607
1.04793	3	0	10	-82.8652
1.04893	3	0	6	-88.8937
1.04893	3	0	7	-84.2519
1.04893	3	0	9	-92.3859
1.04893	1	0	4	-93.8612
1.04893	3	0	10	-82.9141
1.04893	1	0	1	-91.1966
1.04893	1	0	2	-84.6177
1.04893	1	0	3	-95.1027
1.04893	3	0	8	-97.6937
1.04893	1	0	5	-82.6047
1.04993	1	0	1	-91.1611
1.04993	1	0	2	-84.5637
1.04993	1	0	3	-95.0766
1.04993	1	0	5	-82.6466
1.04993	3	0	6	-88.9721
1.04993	3	0	7	-84.1926
1.04993	3	0	8	-97.754
1.04993	3	0	9	-92.4
1.04993	1	0	4	-93.8749
1.04993	3	0	10	-82.9714
1.05093	1	0	1	-91.1549
1.05093	3	0	6	-88.9751
1.05093	1	0	2	-84.6349
1.05093	3	0	7	-84.1375
1.05093	1	0	3	-95.1337
1.05093	3	0	8	-97.8203
1.05093	3	0	9	-92.3622
1.05093	1	0	4	-93.8883
1.05093	1	0	5	-82.6503
1.05093	3	0	10	-82.8938
1.05193	3	0	6	-88.964
1.05193	3	0	7	-84.1355
1.05193	3	0	9	-92.3649
1.05193	1	0	4	-93.8707
1.05193	1	0	5	-82.6982
1.05193	3	0	10	-82.8809
1.05193	1	0	1	-91.1806
1.05193	1	0	2	-84.5964
1.05193	1	0	3	-95.169
1.05193	3	0	8	-97.818
1.05293	3	0	7	-84.1275
1.05293	3	0	9	-92.3064
1.05293	1	0	4	-93.7613
1.05293	3	0	10	-82.9409
1.05293	3	0	6	-88.9463
1.05293	1	0	5	-82.6881
1.05293	1	0	1	-91.1349
1.05293	1	0	2	-84.5962
1.05293	1	0	3	-95.2005
1.05293	3	0	8	-97.7874
1.05393	3	0	7	-84.1076
1.05393	3	0	9	-92.3135
1.05393	3	0	10	-82.9462
1.05393	3	0	6	-88.9441
1.05393	1	0	1	-91.1186
1.05393	1	0	2	-84.614
1.05393	1	0	3	-95.1526
1.05393	1	0	4	-93.7114
1.05393	3	0	8	-97.7317
1.05393	1	0	5	-82.7547
1.05493	3	0	6	-88.9265
1.05493	1	0	1	-91.0884
1.05493	1	0	2	-84.6339
1.05493	1	0	3	-95.1925
1.05493	3	0	8	-97.734
1.05493	1	0	5	-82.7619
1.05593	1	0	1	-91.0508
1.05593	1	0	2	-84.652
1.05593	1	0	3	-95.3288
1.05593	1	0	4	-93.6807
1.05593	3	0	6	-88.9235
1.05593	3	0	8	-97.6856
1.05593	1	0	5	-82.7556
1.05693	1	0	1	-91.0903
1.05693	3	0	6	-88.9754
1.05693	1	0	2	-84.6952
1.05693	3	0	7	-83.9235
1.05693	1	0	3	-95.2424
1.05693	3	0	8	-97.6259
1.05693	1	0	4	-93.5926
1.05693	3	0	9	-92.3987
1.05693	3	0	10	-82.9021
1.05693	1	0	5	-82.6506
1.05786	1	0	3	-95.2721
1.05793	3	0	6	-88.9794
1.05793	3	0	7	-83.8219
1.05793	1	0	4	-93.6078
1.05793	3	0	9	-92.3545
1.05793	3	0	10	-83.037
1.05793	1	0	5	-82.6513
1.05793	1	0	1	-91.1375
1.05793	1	0	2	-84.7116
1.05793	3	0	8	-97.6023
1.05793	1	0	3	-95.2659
1.05893	3	0	6	-88.9678
1.05893	1	0	1	-91.1599
1.05893	3	0	7	-83.8185
1.05893	1	0	2	-84.6676
1.05893	3	0	8	-97.5819
1.05893	1	0	3	-95.1582
1.05893	1	0	4	-93.5645
1.05893	3	0	9	-92.3458
1.05893	3	0	10	-82.9927
1.05893	1	0	5	-82.6463
1.05986	1	0	1	-91.1583
1.05993	3	0	6	-88.9303
1.05993	3	0	7	-83.7832
1.05993	1	0	4	-93.5194
1.05993	3	0	9	-92.3647
1.05993	3	0	10	-83.097
1.05993	1	0	2	-84.7231
1.05993	1	0	3	-95.0325
1.05993	1	0	5	-82.6613
1.05993	3	0	8	-97.5815
1.05993	1	0	1	-91.145
1.06093	1	0	4	-93.5317
1.06093	1	0	2	-84.6532
1.06093	1	0	3	-94.9998
1.06093	1	0	1	-91.1887
1.06093	3	0	6	-88.9744
1.06093	3	0	7	-83.6607
1.06093	3	0	8	-97.5001
1.06093	3	0	9	-92.273
1.06093	1	0	5	-82.615
1.06093	3	0	10	-83.1044
1.06193	3	0	6	-88.9467
1.06193	3	0	7	-83.6587
1.06193	3	0	9	-92.2665
1.06193	3	0	10	-83.04
1.06193	1	0	1	-91.0937
1.06193	1	0	2	-84.6511
1.06193	1	0	3	-95.0764
1.06193	1	0	4	-93.4786
1.06193	3	0	8	-97.5002
1.06193	1	0	5	-82.5869
1.06293	3	0	6	-88.9619
1.06293	1	0	1	-91.0511
1.06293	3	0	7	-83.6587
1.06293	1	0	2	-84.7157
1.06293	1	0	3	-95.1616
1.06293	3	0	8	-97.5699
1.06293	3	0	9	-92.3372
1.06293	3	0	10	-83.0506
1.06293	1	0	5	-82.5438
1.06393	3	0	7	-83.6288
1.06393	3	0	9	-92.3172
1.06393	1	0	4	-93.3897
1.06393	3	0	10	-83.0555
1.06393	3	0	6	-88.9202
1.06393	1	0	1	-91.005
1.06393	1	0	2	-84.7393
1.06393	1	0	3	-95.0402
1.06393	3	0	8	-97.5205
1.06393	1	0	5	-82.5298
1.06493	3	0	6	-88.9325
1.06493	1	0	1	-90.9767
1.06493	3	0	7	-83.6386
1.06493	1	0	2	-84.7674
1.06493	1	0	3	-95.0028
1.06493	3	0	8	-97.4728
1.06493	3	0	9	-92.3236
1.06493	1	0	4	-93.3476
1.06493	3	0	10	-82.9704
1.06493	1	0	5	-82.4583
1.06593	3	0	6	-88.9328
1.06593	1	0	1	-91.0202
1.06593	3	0	7	-83.7022
1.06593	1	0	2	-84.725
1.06593	1	0	3	-94.9317
1.06593	3	0	8	-97.4298
1.06593	3	0	9	-92.3433
1.06593	1	0	4	-93.2848
1.06593	3	0	10	-83.0137
1.06593	1	0	5	-82.5343
1.06693	3	0	6	-88.967
1.06693	1	0	1	-91.0296
1.06693	3	0	7	-83.6865
1.06693	1	0	2	-84.6665
1.06693	1	0	3	-94.8701
1.06693	3	0	8	-97.3833
1.06693	3	0	9	-92.2227
1.06693	1	0	4	-93.3458
1.06693	3	0	10	-82.9669
1.06693	1	0	5	-82.5978
1.06793	3	0	6	-88.9933
1.06793	3	0	7	-83.7483
1.06793	3	0	9	-92.3404
1.06793	3	0	10	-83.0296
1.06793	1	0	1	-90.9527
1.06793	1	0	2	-84.7627
1.06793	1	0	3	-94.7826
1.06793	1	0	4	-93.391
1.06793	3	0	8	-97.4061
1.06793	1	0	5	-82.5261
1.06893	3	0	6	-89.0757
1.06893	3	0	7	-83.7669
1.06893	3	0	9	-92.4053
1.06893	3	0	10	-82.9513
1.06893	1	0	1	-90.9065
1.06893	1	0	2	-84.8081
1.06893	1	0	3	-94.7802
1.06893	1	0	4	-93.3942
1.06893	3	0	8	-97.3568
1.06893	1	0	5	-82.5412
1.06993	3	0	6	-89.0401
1.06993	3	0	7	-83.8136
1.06993	3	0	9	-92.4199
1.06993	3	0	10	-82.9477
1.06993	1	0	1	-90.7814
1.06993	1	0	2	-84.7933
1.06993	1	0	3	-94.8225
1.06993	1	0	4	-93.3893
1.06993	3	0	8	-97.3225
1.06993	1	0	5	-82.6035
1.07093	1	0	4	-93.3622
1.07093	1	0	1	-90.8665
1.07093	1	0	2	-84.8795
1.07093	1	0	3	-94.7964
1.07093	3	0	8	-97.3682
1.07093	1	0	5	-82.633
1.07193	1	0	4	-93.3395
1.07193	1	0	1	-90.8758
1.07193	1	0	2	-84.8878
1.07193	1	0	3	-94.7834
1.07193	3	0	8	-97.3738
1.07193	1	0	5	-82.5498
1.07293	1	0	1	-90.9288
1.07293	1	0	2	-84.7881
1.07293	1	0	3	-94.7872
1.07293	3	0	8	-97.3523
1.07293	1	0	4	-93.3598
1.07293	1	0	5	-82.5258
1.07393	3	0	6	-88.9648
1.07393	1	0	1	-90.8944
1.07393	3	0	7	-84.0274
1.07393	1	0	2	-84.9181
1.07393	1	0	3	-94.7828
1.07393	3	0	8	-97.3792
1.07393	3	0	9	-92.5363
1.07393	1	0	5	-82.5636
1.07486	1	0	4	-93.4509
1.07493	3	0	6	-88.9209
1.07493	1	0	1	-90.8593
1.07493	1	0	2	-84.8609
1.07493	3	0	7	-84.0765
1.07493	1	0	3	-94.6794
1.07493	3	0	8	-97.4023
1.07493	3	0	9	-92.5856
1.07493	1	0	5	-82.5273
1.07493	3	0	10	-83.0287
1.07593	3	0	6	-89.0216
1.07593	3	0	7	-84.1122
1.07593	3	0	9	-92.6295
1.07593	3	0	10	-83.0003
1.07593	1	0	1	-90.7477
1.07593	1	0	2	-84.8895
1.07593	1	0	3	-94.6434
1.07593	1	0	4	-93.4266
1.07593	3	0	8	-97.3815
1.07593	1	0	5	-82.5178
1.07693	3	0	6	-89.1022
1.07693	3	0	7	-84.1623
1.07693	3	0	10	-83.0543
1.07693	1	0	1	-90.724
1.07693	1	0	2	-84.9285
1.07693	1	0	4	-93.4427
1.07693	3	0	9	-92.6124
1.07693	1	0	3	-94.6757
1.07693	3	0	8	-97.3991
1.07693	1	0	5	-82.5738
1.07793	3	0	6	-89.0715
1.07793	3	0	7	-84.164
1.07793	3	0	10	-83.0161
1.07793	3	0	9	-92.6076
1.07793	1	0	1	-90.7478
1.07793	1	0	2	-84.9032
1.07793	1	0	3	-94.7086
1.07793	1	0	4	-93.3498
1.07793	3	0	8	-97.4324
1.07793	1	0	5	-82.5484
1.07893	3	0	9	-92.6066
1.07893	1	0	5	-82.6099
1.07893	1	0	1	-90.7971
1.07893	1	0	2	-84.8927
1.07893	1	0	3	-94.6699
1.07893	1	0	4	-93.4127
1.07893	3	0	8	-97.4161
1.07993	3	0	9	-92.555
1.07993	1	0	5	-82.5978
1.07993	1	0	1	-90.7977
1.07993	1	0	2	-84.8017
1.07993	1	0	3	-94.5168
1.07993	1	0	4	-93.4158
1.07993	3	0	8	-97.409
1.08093	1	0	1	-90.8503
1.08093	1	0	2	-84.7995
1.08093	1	0	3	-94.5939
1.08093	3	0	8	-97.4656
1.08093	1	0	4	-93.4874
1.08093	1	0	5	-82.7106
1.08193	1	0	1	-90.8175
1.08193	1	0	2	-84.7702
1.08193	1	0	4	-93.4537
1.08193	1	0	3	-94.603
1.08193	3	0	8	-97.4919
1.08193	1	0	5	-82.6461
1.08293	3	0	6	-88.9758
1.08293	1	0	1	-90.8221
1.08293	3	0	7	-84.4287
1.08293	1	0	2	-84.8942
1.08293	1	0	3	-94.582
1.08293	3	0	8	-97.4821
1.08293	1	0	4	-93.4687
1.08293	3	0	9	-92.5472
1.08293	3	0	10	-83.3021
1.08293	1	0	5	-82.6778
1.08393	3	0	6	-88.9604
1.08393	3	0	7	-84.5514
1.08393	3	0	9	-92.5743
1.08393	3	0	10	-83.2361
1.08393	1	0	1	-90.7969
1.08393	1	0	2	-84.919
1.08393	1	0	3	-94.5691
1.08393	1	0	4	-93.5012
1.08393	3	0	8	-97.4943
1.08393	1	0	5	-82.6329
1.08493	3	0	6	-89.0106
1.08493	3	0	7	-84.5768
1.08493	3	0	9	-92.5879
1.08493	3	0	10	-83.1914
1.08493	1	0	1	-90.7844
1.08493	1	0	2	-84.8955
1.08493	1	0	3	-94.6158
1.08493	1	0	4	-93.4494
1.08493	3	0	8	-97.5137
1.08493	1	0	5	-82.6015
1.08593	3	0	6	-89.1012
1.08593	3	0	10	-83.2198
1.08593	1	0	1	-90.7628
1.08593	1	0	2	-84.8342
1.08593	3	0	7	-84.6016
1.08593	3	0	9	-92.5376
1.08593	1	0	3	-94.6661
1.08593	1	0	4	-93.4261
1.08593	3	0	8	-97.5801
1.08593	1	0	5	-82.6167
1.08693	1	0	1	-90.7611
1.08693	1	0	2	-84.9193
1.08693	1	0	3	-94.7373
1.08693	3	0	8	-97.5912
1.08693	1	0	4	-93.4379
1.08693	1	0	5	-82.5305
1.08793	1	0	3	-94.7071
1.08793	3	0	9	-92.4916
1.08793	1	0	5	-82.5542
1.08793	1	0	1	-90.7055
1.08793	1	0	2	-84.9508
1.08793	3	0	7	-84.8325
1.08793	3	0	8	-97.5157
1.08793	1	0	4	-93.4307
1.08893	3	0	6	-89.206
1.08893	1	0	1	-90.7625
1.08893	1	0	2	-84.8573
1.08893	3	0	7	-84.7839
1.08893	1	0	3	-94.6859
1.08893	3	0	8	-97.5438
1.08893	3	0	9	-92.4719
1.08893	1	0	4	-93.4188
1.08893	3	0	10	-83.2132
1.08893	1	0	5	-82.5523
1.08993	3	0	6	-89.2559
1.08993	1	0	1	-90.8703
1.08993	1	0	2	-84.8424
1.08993	3	0	7	-84.723
1.08993	1	0	3	-94.6347
1.08993	3	0	8	-97.4671
1.08993	3	0	9	-92.565
1.08993	1	0	4	-93.3935
1.08993	3	0	10	-83.2119
1.08993	1	0	5	-82.6774
1.09086	3	0	6	-89.1784
1.09093	1	0	1	-90.9046
1.09093	1	0	2	-84.8525
1.09093	3	0	9	-92.5064
1.09093	3	0	10	-83.2264
1.09093	3	0	7	-84.7661
1.09093	3	0	8	-97.5476
1.09093	1	0	3	-94.5745
1.09093	1	0	4	-93.3995
1.09093	1	0	5	-82.7245
1.09093	3	0	6	-89.1839
1.09193	3	0	9	-92.4807
1.09193	3	0	10	-83.231
1.09193	3	0	7	-84.7458
1.09193	3	0	6	-89.1143
1.09193	1	0	1	-90.9981
1.09193	1	0	2	-84.8096
1.09193	1	0	3	-94.5531
1.09193	1	0	4	-93.3726
1.09193	3	0	8	-97.6153
1.09193	1	0	5	-82.7701
1.09293	3	0	9	-92.4779
1.09293	3	0	10	-83.2108
1.09293	3	0	6	-89.0419
1.09293	1	0	1	-90.9333
1.09293	1	0	2	-84.8251
1.09293	1	0	3	-94.4951
1.09293	1	0	4	-93.438
1.09293	3	0	7	-84.8067
1.09293	3	0	8	-97.6661
1.09293	1	0	5	-82.7052
1.09386	1	0	2	-84.7504
1.09386	3	0	8	-97.6583
1.09393	3	0	7	-84.7829
1.09393	1	0	1	-90.9448
1.09393	1	0	3	-94.5534
1.09393	1	0	4	-93.4281
1.09393	1	0	5	-82.6369
1.09393	1	0	2	-84.7386
1.09393	3	0	8	-97.6622
1.09493	3	0	7	-84.7191
1.09493	1	0	5	-82.6426
1.09493	1	0	1	-90.9141
1.09493	1	0	3	-94.5698
1.09493	1	0	4	-93.4664
1.09493	1	0	2	-84.7638
1.09493	3	0	8	-97.6882
1.09593	3	0	7	-84.7977
1.09593	1	0	1	-90.9751
1.09593	1	0	3	-94.5559
1.09593	1	0	4	-93.4345
1.09593	1	0	2	-84.772
1.09593	1	0	5	-82.6529
1.09593	3	0	8	-97.8111
1.09693	1	0	1	-91.0345
1.09693	1	0	2	-84.6978
1.09693	1	0	3	-94.5558
1.09693	3	0	8	-97.8265
1.09693	1	0	4	-93.4848
1.09693	1	0	5	-82.6541
1.09793	1	0	1	-90.9981
1.09793	1	0	2	-84.6767
1.09793	1	0	3	-94.5673
1.09793	3	0	8	-97.8764
1.09793	1	0	4	-93.5028
1.09793	1	0	5	-82.684
1.09893	3	0	6	-88.8745
1.09893	1	0	1	-91.0344
1.09893	3	0	7	-84.921
1.09893	1	0	2	-84.7185
1.09893	1	0	3	-94.5691
1.09893	3	0	8	-97.8158
1.09893	3	0	9	-92.6918
1.09893	1	0	4	-93.4935
1.09893	3	0	10	-83.3387
1.09893	1	0	5	-82.6612
1.09993	3	0	6	-88.8831
1.09993	3	0	7	-84.9083
1.09993	3	0	9	-92.7002
1.09993	3	0	10	-83.3111
1.09993	1	0	1	-91.0866
1.09993	1	0	2	-84.6331
1.09993	1	0	3	-94.5426
1.09993	1	0	4	-93.4778
1.09993	3	0	8	-97.7266
1.09993	1	0	5	-82.6537
1.10093	1	0	1	-91.1579
1.10093	1	0	2	-84.606
1.10093	1	0	3	-94.5948
1.10093	1	0	4	-93.5125
1.10093	3	0	6	-88.8869
1.10093	3	0	7	-84.8928
1.10093	3	0	8	-97.7137
1.10093	3	0	9	-92.7336
1.10093	1	0	5	-82.5887
1.10093	3	0	10	-83.2982
1.10186	1	0	5	-82.5871
1.10193	1	0	1	-91.1264
1.10193	1	0	2	-84.5482
1.10193	3	0	6	-88.9261
1.10193	3	0	7	-84.7801
1.10193	3	0	9	-92.7087
1.10193	3	0	10	-83.2472
1.10193	1	0	3	-94.6447
1.10193	1	0	4	-93.4479
1.10193	3	0	8	-97.6977
1.10193	1	0	5	-82.6047
1.10293	3	0	6	-88.9996
1.10293	3	0	7	-84.7389
1.10293	3	0	9	-92.755
1.10293	3	0	10	-83.3302
1.10293	1	0	5	-82.5992
1.10293	1	0	1	-91.1102
1.10293	1	0	2	-84.6332
1.10293	1	0	3	-94.6366
1.10293	1	0	4	-93.4839
1.10293	3	0	8	-97.7408
1.10386	3	0	10	-83.2598
1.10393	3	0	6	-88.9063
1.10393	3	0	9	-92.7059
1.10393	1	0	4	-93.4789
1.10393	3	0	7	-84.6509
1.10393	3	0	8	-97.6615
1.10393	1	0	5	-82.5902
1.10393	1	0	3	-94.5395
1.10393	3	0	10	-83.2637
1.10493	1	0	1	-91.2052
1.10493	1	0	2	-84.6428
1.10493	1	0	3	-94.5529
1.10493	3	0	8	-97.6335
1.10493	1	0	4	-93.5456
1.10493	1	0	5	-82.4778
1.10593	3	0	8	-97.6226
1.10593	1	0	1	-91.1073
1.10593	1	0	2	-84.6966
1.10593	1	0	3	-94.6092
1.10593	1	0	4	-93.5692
1.10593	3	0	7	-84.7163
1.10593	1	0	5	-82.5526
1.10693	1	0	1	-91.0982
1.10693	1	0	2	-84.775
1.10693	1	0	4	-93.5249
1.10693	1	0	5	-82.654
1.10693	3	0	6	-88.9697
1.10693	3	0	7	-84.7457
1.10693	3	0	8	-97.6109
1.10693	3	0	9	-92.7571
1.10693	1	0	3	-94.5924
1.10693	3	0	10	-83.2147
1.10793	3	0	6	-88.9554
1.10793	3	0	7	-84.7055
1.10793	3	0	9	-92.7412
1.10793	3	0	10	-83.0957
1.10793	1	0	1	-91.159
1.10793	1	0	2	-84.7708
1.10793	1	0	3	-94.6235
1.10793	1	0	4	-93.5898
1.10793	3	0	8	-97.6367
1.10793	1	0	5	-82.649
1.10893	3	0	6	-88.9106
1.10893	3	0	9	-92.8014
1.10893	3	0	10	-83.0613
1.10893	1	0	1	-91.1879
1.10893	1	0	2	-84.7499
1.10893	1	0	3	-94.7143
1.10893	1	0	4	-93.5965
1.10893	3	0	7	-84.6395
1.10893	3	0	8	-97.711
1.10893	1	0	5	-82.6843
1.10993	3	0	6	-88.8157
1.10993	1	0	1	-91.2077
1.10993	1	0	2	-84.8914
1.10993	3	0	7	-84.6525
1.10993	1	0	3	-94.6672
1.10993	3	0	8	-97.7075
1.10993	3	0	9	-92.815
1.10993	1	0	4	-93.6036
1.10993	3	0	10	-83.054
1.10993	1	0	5	-82.7688
1.11086	3	0	9	-92.7952
1.11093	1	0	5	-82.8083
1.11093	3	0	7	-84.6636
1.11093	3	0	8	-97.6372
1.11093	1	0	1	-91.1399
1.11093	1	0	2	-84.8791
1.11093	1	0	3	-94.5494
1.11093	1	0	4	-93.5794
1.11193	1	0	1	-91.2157
1.11193	1	0	2	-84.8024
1.11193	1	0	3	-94.5947
1.11193	1	0	4	-93.5519
1.11193	3	0	6	-88.6851
1.11193	3	0	7	-84.7068
1.11193	3	0	8	-97.6463
1.11193	3	0	9	-92.8303
1.11193	1	0	5	-82.7945
1.11193	3	0	10	-83.2
1.11293	1	0	1	-91.2908
1.11293	3	0	6	-88.5868
1.11293	1	0	2	-84.7479
1.11293	3	0	7	-84.687
1.11293	1	0	3	-94.5832
1.11293	3	0	8	-97.7076
1.11293	1	0	4	-93.5585
1.11293	3	0	9	-92.8701
1.11293	1	0	5	-82.8804
1.11293	3	0	10	-83.2395
1.11393	1	0	4	-93.5852
1.11393	3	0	6	-88.6026
1.11393	3	0	7	-84.7367
1.11393	3	0	8	-97.6623
1.11393	3	0	9	-92.8273
1.11393	1	0	1	-91.3165
1.11393	1	0	2	-84.7352
1.11393	1	0	3	-94.5615
1.11393	1	0	5	-82.8943
1.11393	3	0	10	-83.2271
1.11493	3	0	7	-84.7518
1.11493	1	0	5	-82.9902
1.11493	3	0	10	-83.2075
1.11493	1	0	4	-93.5055
1.11493	3	0	6	-88.5534
1.11493	3	0	8	-97.6147
1.11493	3	0	9	-92.8924
1.11493	1	0	1	-91.4067
1.11493	1	0	2	-84.7779
1.11493	1	0	3	-94.6279
1.11593	3	0	10	-83.2195
1.11593	1	0	1	-91.3646
1.11593	1	0	2	-84.755
1.11593	1	0	3	-94.6297
1.11593	3	0	7	-84.7549
1.11593	1	0	5	-82.8913
1.11593	1	0	4	-93.566
1.11593	3	0	6	-88.6119
1.11593	3	0	8	-97.6108
1.11593	3	0	9	-92.8373
1.11693	3	0	10	-83.1397
1.11693	3	0	6	-88.639
1.11693	3	0	8	-97.6054
1.11693	3	0	9	-92.8192
1.11693	1	0	1	-91.4392
1.11693	1	0	2	-84.809
1.11693	1	0	3	-94.6187
1.11693	1	0	4	-93.5833
1.11693	3	0	7	-84.7133
1.11693	1	0	5	-82.9222
1.11793	1	0	3	-94.6636
1.11793	3	0	6	-88.7176
1.11793	3	0	8	-97.6303
1.11793	3	0	9	-92.7124
1.11793	1	0	1	-91.3992
1.11793	1	0	2	-84.8052
1.11793	1	0	4	-93.6675
1.11793	3	0	7	-84.6827
1.11793	1	0	5	-82.9609
1.11893	1	0	1	-91.3464
1.11893	1	0	2	-84.7666
1.11893	1	0	4	-93.6827
1.11893	1	0	5	-82.9972
1.11893	1	0	3	-94.6595
1.11893	3	0	6	-88.7855
1.11893	3	0	8	-97.6387
1.11893	3	0	9	-92.6991
1.11893	3	0	7	-84.6822
1.11993	1	0	4	-93.7024
1.11993	1	0	5	-83.0351
1.11993	3	0	6	-88.7777
1.11993	3	0	7	-84.6019
1.11993	1	0	1	-91.3222
1.11993	1	0	2	-84.832
1.11993	1	0	3	-94.6637
1.11993	3	0	8	-97.6495
1.11993	3	0	9	-92.6701
1.12093	1	0	1	-91.3678
1.12093	1	0	2	-84.8567
1.12093	1	0	3	-94.637
1.12093	3	0	6	-88.8439
1.12093	3	0	7	-84.5901
1.12093	3	0	8	-97.6276
1.12093	3	0	9	-92.637
1.12093	1	0	4	-93.5503
1.12093	1	0	5	-83.0106
1.12186	3	0	7	-84.6847
1.12193	3	0	6	-88.8435
1.12193	3	0	8	-97.6406
1.12193	3	0	9	-92.7389
1.12193	1	0	1	-91.4934
1.12193	1	0	2	-84.8808
1.12193	1	0	3	-94.6519
1.12193	3	0	7	-84.6777
1.12293	3	0	6	-88.853
1.12293	3	0	10	-82.9034
1.12293	1	0	1	-91.4238
1.12293	1	0	2	-84.8976
1.12293	1	0	3	-94.6603
1.12293	3	0	7	-84.7691
1.12293	1	0	5	-83.1116
1.12293	3	0	8	-97.583
1.12293	3	0	9	-92.6656
1.12293	1	0	4	-93.5747
1.12393	1	0	1	-91.4816
1.12393	1	0	2	-84.876
1.12393	1	0	5	-83.055
1.12393	1	0	4	-93.692
1.12393	3	0	6	-88.8602
1.12393	3	0	7	-84.8013
1.12393	3	0	8	-97.6509
1.12393	3	0	9	-92.678
1.12393	1	0	3	-94.6671
1.12393	3	0	10	-82.8461
1.12493	3	0	6	-88.8326
1.12493	3	0	7	-84.9257
1.12493	3	0	8	-97.6481
1.12493	3	0	10	-82.7898
1.12493	1	0	1	-91.3888
1.12493	1	0	2	-84.8056
1.12493	1	0	3	-94.6889
1.12493	1	0	4	-93.6975
1.12493	3	0	9	-92.6795
1.12493	1	0	5	-83.083
1.12593	3	0	6	-88.8591
1.12593	3	0	7	-84.8545
1.12593	3	0	8	-97.7175
1.12593	1	0	3	-94.6976
1.12593	1	0	4	-93.6685
1.12593	3	0	9	-92.7521
1.12593	3	0	10	-82.7096
1.12593	1	0	5	-83.0683
1.12693	3	0	10	-82.6948
1.12693	1	0	1	-91.3361
1.12693	1	0	2	-84.7773
1.12693	1	0	3	-94.6713
1.12693	1	0	4	-93.744
1.12693	3	0	6	-88.8478
1.12693	3	0	7	-84.9037
1.12693	3	0	8	-97.7869
1.12693	3	0	9	-92.734
1.12693	1	0	5	-83.0607
1.12793	3	0	10	-82.6512
1.12793	1	0	1	-91.335
1.12793	1	0	2	-84.8806
1.12793	1	0	3	-94.7388
1.12793	3	0	6	-88.8457
1.12793	3	0	7	-84.8288
1.12793	1	0	4	-93.7503
1.12793	3	0	8	-97.7826
1.12793	3	0	9	-92.7763
1.12793	1	0	5	-83.0586
1.12893	1	0	1	-91.3418
1.12893	3	0	6	-88.8452
1.12893	1	0	2	-84.8689
1.12893	3	0	7	-84.7485
1.12893	1	0	3	-94.6731
1.12893	3	0	8	-97.773
1.12893	1	0	4	-93.8594
1.12893	3	0	9	-92.644
1.12893	3	0	10	-82.7338
1.12893	1	0	5	-83.0831
1.12993	1	0	1	-91.4424
1.12993	3	0	6	-88.7712
1.12993	1	0	2	-84.816
1.12993	3	0	7	-84.7049
1.12993	1	0	3	-94.7769
1.12993	3	0	8	-97.6964
1.12993	1	0	4	-93.8866
1.12993	3	0	9	-92.6628
1.12993	1	0	5	-83.1086
1.13093	1	0	4	-93.8903
1.13093	3	0	9	-92.6831
1.13093	3	0	10	-82.9091
1.13093	1	0	5	-82.9994
1.13093	1	0	1	-91.3921
1.13093	3	0	6	-88.8056
1.13093	1	0	2	-84.9859
1.13093	3	0	7	-84.7391
1.13093	1	0	3	-94.7627
1.13093	3	0	8	-97.7242
1.13193	1	0	5	-82.9976
1.13193	3	0	6	-88.9529
1.13193	3	0	7	-84.7989
1.13193	3	0	8	-97.7332
1.13193	3	0	9	-92.6584
1.13193	1	0	4	-93.8785
1.13193	1	0	1	-91.4367
1.13193	1	0	2	-85.0184
1.13193	1	0	3	-94.7943
1.13193	3	0	10	-82.9497
1.13293	1	0	4	-93.9189
1.13293	1	0	1	-91.3647
1.13293	1	0	2	-84.9988
1.13293	1	0	3	-94.7627
1.13293	3	0	6	-88.8382
1.13293	3	0	7	-84.8119
1.13293	3	0	8	-97.6297
1.13293	3	0	9	-92.6427
1.13293	1	0	5	-82.9627
1.13293	3	0	10	-83.0291
1.13393	1	0	4	-93.8385
1.13393	3	0	6	-88.9158
1.13393	3	0	7	-84.7597
1.13393	3	0	9	-92.6695
1.13393	3	0	10	-83.0363
1.13393	1	0	1	-91.3916
1.13393	1	0	2	-85.0716
1.13393	1	0	3	-94.7085
1.13393	3	0	8	-97.6697
1.13493	1	0	4	-93.8291
1.13493	1	0	5	-83.0578
1.13493	3	0	10	-83.1318
1.13493	3	0	6	-88.8966
1.13493	3	0	7	-84.6936
1.13493	3	0	9	-92.6563
1.13493	1	0	1	-91.3882
1.13493	1	0	2	-85.062
1.13493	1	0	3	-94.6311
1.13493	3	0	8	-97.6354
1.13593	1	0	5	-83.122
1.13593	3	0	10	-83.1355
1.13593	3	0	6	-88.9518
1.13593	3	0	9	-92.5799
1.13593	1	0	1	-91.3639
1.13593	1	0	2	-85.0943
1.13593	3	0	7	-84.6087
1.13593	1	0	3	-94.6629
1.13593	3	0	8	-97.5988
1.13693	3	0	6	-89.0522
1.13693	1	0	1	-91.3772
1.13693	1	0	2	-85.05
1.13693	3	0	7	-84.6128
1.13693	1	0	3	-94.5998
1.13693	3	0	8	-97.5655
1.13693	3	0	9	-92.6666
1.13786	1	0	3	-94.579
1.13793	3	0	6	-89.0657
1.13793	3	0	8	-97.5081
1.13793	3	0	9	-92.5647
1.13793	1	0	1	-91.3255
1.13793	1	0	2	-85.0246
1.13793	3	0	7	-84.5524
1.13793	1	0	3	-94.5617
1.13893	1	0	2	-84.9922
1.13893	1	0	4	-93.8654
1.13893	1	0	5	-83.2191
1.13893	3	0	6	-89.065
1.13893	3	0	7	-84.5714
1.13893	3	0	8	-97.5885
1.13893	3	0	9	-92.5075
1.13893	1	0	1	-91.3449
1.13893	1	0	3	-94.6422
1.13893	3	0	10	-83.1357
1.13986	1	0	1	-91.3689
1.13993	1	0	4	-93.8622
1.13993	1	0	5	-83.2007
1.13993	3	0	6	-89.0113
1.13993	3	0	9	-92.4799
1.13993	3	0	10	-83.1768
1.13993	1	0	2	-84.9715
1.13993	1	0	3	-94.6343
1.13993	3	0	7	-84.5879
1.13993	3	0	8	-97.5969
1.13993	1	0	1	-91.3778
1.14093	3	0	6	-88.9777
1.14093	1	0	1	-91.3626
1.14093	1	0	2	-84.9879
1.14093	3	0	7	-84.5317
1.14093	1	0	3	-94.551
1.14093	3	0	8	-97.6095
1.14093	1	0	4	-93.8167
1.14093	3	0	9	-92.5459
1.14093	1	0	5	-83.2094
1.14093	3	0	10	-83.1966
1.14193	3	0	6	-89.0591
1.14193	1	0	2	-84.8832
1.14193	3	0	7	-84.4219
1.14193	1	0	3	-94.5151
1.14193	3	0	9	-92.5036
1.14193	3	0	10	-83.2574
1.14193	1	0	1	-91.2335
1.14193	3	0	8	-97.56
1.14293	1	0	3	-94.6164
1.14293	1	0	4	-93.6311
1.14293	1	0	5	-83.1293
1.14293	1	0	1	-91.2016
1.14293	3	0	6	-89.1507
1.14293	3	0	7	-84.4105
1.14293	3	0	8	-97.5744
1.14293	3	0	9	-92.5699
1.14293	1	0	2	-84.8709
1.14293	3	0	10	-83.1435
1.14393	3	0	10	-83.204
1.14393	1	0	1	-91.1716
1.14393	1	0	2	-84.8996
1.14393	1	0	3	-94.608
1.14393	1	0	4	-93.7296
1.14393	3	0	6	-89.1912
1.14393	3	0	7	-84.4232
1.14393	3	0	8	-97.6375
1.14393	3	0	9	-92.5421
1.14393	1	0	5	-83.1077
1.14493	1	0	1	-91.1819
1.14493	3	0	6	-89.3138
1.14493	1	0	2	-84.7718
1.14493	3	0	7	-84.3901
1.14493	3	0	8	-97.6189
1.14493	3	0	9	-92.5423
1.14493	3	0	10	-83.2931
1.14593	1	0	2	-84.8074
1.14593	3	0	7	-84.3545
1.14593	1	0	3	-94.663
1.14593	3	0	9	-92.6847
1.14593	3	0	10	-83.2281
1.14593	1	0	1	-91.0762
1.14593	3	0	6	-89.3382
1.14593	3	0	8	-97.6142
1.14593	1	0	4	-93.7214
1.14593	1	0	5	-83.2415
1.14693	3	0	7	-84.416
1.14693	3	0	9	-92.7719
1.14693	3	0	10	-83.2714
1.14693	3	0	6	-89.2963
1.14693	1	0	1	-91.0633
1.14693	1	0	2	-84.8364
1.14693	1	0	3	-94.6912
1.14693	1	0	4	-93.6407
1.14693	3	0	8	-97.7256
1.14693	1	0	5	-83.2312
1.14793	3	0	6	-89.2045
1.14793	1	0	1	-91.0399
1.14793	3	0	7	-84.4839
1.14793	1	0	2	-84.8399
1.14793	1	0	3	-94.6563
1.14793	3	0	8	-97.7873
1.14793	3	0	9	-92.8771
1.14793	1	0	4	-93.7406
1.14793	3	0	10	-83.2703
1.14793	1	0	5	-83.1882
1.14893	1	0	5	-83.175
1.14893	3	0	6	-89.1078
1.14893	3	0	8	-97.7431
1.14893	1	0	1	-90.9983
1.14893	1	0	2	-84.7786
1.14893	1	0	3	-94.6385
1.14893	1	0	4	-93.7205
1.14993	1	0	4	-93.7035
1.14993	3	0	10	-83.3295
1.14993	1	0	5	-83.1902
1.14993	3	0	6	-89.0847
1.14993	3	0	7	-84.5293
1.14993	3	0	8	-97.7752
1.14993	3	0	9	-92.8224
1.14993	1	0	1	-91.0249
1.14993	1	0	2	-84.7287
1.14993	1	0	3	-94.6146
1.15093	3	0	10	-83.3795
1.15093	3	0	6	-89.1096
1.15093	3	0	7	-84.5088
1.15093	3	0	9	-92.7626
1.15093	1	0	1	-91.0302
1.15093	1	0	2	-84.7563
1.15093	1	0	3	-94.6038
1.15093	1	0	4	-93.6787
1.15093	1	0	5	-83.2387
1.15093	3	0	8	-97.7559
1.15193	1	0	1	-91.025
1.15193	1	0	2	-84.7995
1.15193	1	0	3	-94.5926
1.15193	1	0	5	-83.1661
1.15193	3	0	6	-89.0806
1.15193	3	0	7	-84.4786
1.15193	3	0	8	-97.7721
1.15193	3	0	9	-92.8036
1.15193	1	0	4	-93.624
1.15193	3	0	10	-83.4398
1.15293	1	0	2	-84.8099
1.15293	1	0	3	-94.6191
1.15293	1	0	5	-83.1652
1.15293	3	0	6	-89.0389
1.15293	3	0	7	-84.3727
1.15293	3	0	9	-92.818
1.15293	1	0	4	-93.6059
1.15293	1	0	1	-90.995
1.15293	3	0	8	-97.7369
1.15393	3	0	10	-83.3501
1.15393	1	0	4	-93.6795
1.15393	3	0	6	-89.0599
1.15393	3	0	7	-84.3888
1.15393	3	0	9	-92.683
1.15393	3	0	8	-97.7203
1.15393	1	0	5	-83.1508
1.15486	1	0	4	-93.6568
1.15493	3	0	10	-83.3723
1.15493	1	0	1	-90.9284
1.15493	3	0	6	-89.011
1.15493	3	0	7	-84.4009
1.15493	3	0	9	-92.6498
1.15493	3	0	8	-97.7293
1.15493	1	0	4	-93.653
1.15593	1	0	1	-90.946
1.15593	1	0	2	-84.6733
1.15593	1	0	3	-94.6276
1.15593	1	0	5	-83.2388
1.15593	3	0	6	-88.9559
1.15593	3	0	7	-84.3804
1.15593	3	0	8	-97.5941
1.15593	3	0	9	-92.7348
1.15593	1	0	4	-93.7013
1.15693	1	0	1	-90.8897
1.15693	3	0	6	-88.8949
1.15693	1	0	2	-84.747
1.15693	3	0	7	-84.2659
1.15693	1	0	3	-94.676
1.15693	3	0	8	-97.6088
1.15693	3	0	9	-92.5895
1.15693	1	0	4	-93.6346
1.15693	1	0	5	-83.2377
1.15793	3	0	6	-88.79
1.15793	3	0	7	-84.2547
1.15793	3	0	9	-92.5605
1.15793	3	0	10	-83.4658
1.15793	1	0	3	-94.6987
1.15793	1	0	4	-93.6569
1.15793	3	0	8	-97.5813
1.15793	1	0	5	-83.2692
1.15893	3	0	6	-88.7568
1.15893	1	0	1	-90.9281
1.15893	3	0	7	-84.2331
1.15893	1	0	2	-84.7246
1.15893	1	0	3	-94.5872
1.15893	3	0	8	-97.5416
1.15893	3	0	9	-92.5006
1.15893	1	0	4	-93.6675
1.15893	3	0	10	-83.4461
1.15893	1	0	5	-83.2529
1.15993	1	0	1	-90.9026
1.15993	1	0	2	-84.7348
1.15993	1	0	4	-93.5423
1.15993	3	0	6	-88.7795
1.15993	3	0	7	-84.1834
1.15993	3	0	8	-97.6147
1.15993	3	0	9	-92.5019
1.15993	1	0	3	-94.6005
1.15993	1	0	5	-83.2102
1.15993	3	0	10	-83.4721
1.16093	1	0	1	-90.8991
1.16093	3	0	6	-88.8864
1.16093	1	0	2	-84.618
1.16093	3	0	7	-84.1266
1.16093	3	0	8	-97.498
1.16093	1	0	3	-94.5811
1.16093	1	0	4	-93.4629
1.16093	3	0	9	-92.4739
1.16093	1	0	5	-83.2709
1.16093	3	0	10	-83.4197
1.16193	1	0	1	-90.8539
1.16193	3	0	6	-88.8691
1.16193	1	0	2	-84.5419
1.16193	3	0	7	-84.1497
1.16193	1	0	3	-94.6579
1.16193	3	0	9	-92.3776
1.16193	3	0	10	-83.3101
1.16193	3	0	8	-97.5247
1.16193	1	0	4	-93.4816
1.16193	1	0	5	-83.1986
1.16293	1	0	1	-90.8494
1.16293	1	0	2	-84.4962
1.16293	1	0	3	-94.5495
1.16293	1	0	5	-83.273
1.16293	3	0	6	-88.8918
1.16293	3	0	7	-84.1966
1.16293	3	0	8	-97.5049
1.16293	3	0	9	-92.3383
1.16293	1	0	4	-93.4705
1.16293	3	0	10	-83.2109
1.16393	1	0	2	-84.4799
1.16393	1	0	3	-94.4741
1.16393	3	0	10	-83.1294
1.16393	1	0	1	-90.8046
1.16393	1	0	5	-83.1928
1.16393	3	0	6	-88.9209
1.16393	3	0	7	-84.231
1.16393	3	0	8	-97.5122
1.16393	3	0	9	-92.3602
1.16393	1	0	4	-93.4742
1.16493	3	0	10	-82.9921
1.16493	3	0	9	-92.4042
1.16493	1	0	4	-93.5264
1.16493	3	0	6	-88.9925
1.16493	3	0	7	-84.2617
1.16493	3	0	8	-97.4944
1.16493	1	0	5	-83.2617
1.16593	3	0	10	-82.9751
1.16593	1	0	1	-90.7776
1.16593	1	0	4	-93.479
1.16593	3	0	9	-92.477
1.16593	3	0	6	-88.9422
1.16593	3	0	7	-84.2837
1.16593	3	0	8	-97.4949
1.16593	1	0	5	-83.1769
1.16693	1	0	1	-90.8073
1.16693	1	0	2	-84.5737
1.16693	1	0	3	-94.4025
1.16693	3	0	9	-92.5145
1.16693	3	0	6	-88.9158
1.16693	3	0	7	-84.294
1.16693	1	0	5	-83.2691
1.16693	1	0	4	-93.4862
1.16693	3	0	8	-97.4757
1.16793	1	0	1	-90.7813
1.16793	3	0	6	-88.9941
1.16793	1	0	2	-84.6796
1.16793	3	0	7	-84.3485
1.16793	1	0	3	-94.4028
1.16793	3	0	8	-97.5459
1.16793	3	0	9	-92.5822
1.16793	1	0	4	-93.5211
1.16793	1	0	5	-83.3347
1.16893	1	0	1	-90.7986
1.16893	3	0	6	-88.9671
1.16893	1	0	2	-84.6434
1.16893	1	0	3	-94.4099
1.16893	3	0	8	-97.5365
1.16893	3	0	9	-92.5668
1.16893	3	0	7	-84.3838
1.16893	1	0	4	-93.5289
1.16893	1	0	5	-83.3571
1.16993	1	0	1	-90.726
1.16993	3	0	6	-89.008
1.16993	1	0	2	-84.592
1.16993	3	0	7	-84.4456
1.16993	1	0	3	-94.3706
1.16993	3	0	8	-97.4983
1.16993	3	0	9	-92.4885
1.16993	1	0	4	-93.4369
1.16993	3	0	10	-83.1324
1.16993	1	0	5	-83.38
1.17086	3	0	6	-89.0067
1.17093	1	0	1	-90.6784
1.17093	1	0	2	-84.5679
1.17093	3	0	7	-84.4632
1.17093	1	0	4	-93.5065
1.17093	3	0	10	-83.2144
1.17093	3	0	8	-97.4788
1.17093	3	0	9	-92.387
1.17093	1	0	3	-94.2852
1.17093	1	0	5	-83.3772
1.17093	3	0	6	-89.0021
1.17193	1	0	1	-90.7856
1.17193	3	0	6	-88.9767
1.17193	1	0	2	-84.6156
1.17193	3	0	7	-84.4608
1.17193	3	0	8	-97.4528
1.17193	1	0	3	-94.2948
1.17193	1	0	4	-93.4905
1.17193	3	0	9	-92.3528
1.17193	3	0	10	-83.2687
1.17193	1	0	5	-83.5121
1.17293	1	0	1	-90.7613
1.17293	3	0	6	-89.0218
1.17293	1	0	2	-84.6093
1.17293	1	0	3	-94.3393
1.17293	3	0	9	-92.4672
1.17293	3	0	10	-83.2854
1.17293	3	0	7	-84.4757
1.17293	3	0	8	-97.5039
1.17293	1	0	4	-93.5797
1.17293	1	0	5	-83.5074
1.17386	1	0	2	-84.6266
1.17386	3	0	8	-97.4024
1.17393	1	0	1	-90.7941
1.17393	1	0	3	-94.3232
1.17393	1	0	5	-83.5486
1.17393	3	0	6	-89.0201
1.17393	3	0	7	-84.4758
1.17393	3	0	9	-92.4614
1.17393	1	0	4	-93.5157
1.17393	3	0	10	-83.3734
1.17393	1	0	2	-84.6104
1.17393	3	0	8	-97.4095
1.17493	1	0	1	-90.7441
1.17493	1	0	3	-94.3118
1.17493	1	0	5	-83.5925
1.17493	3	0	9	-92.5283
1.17493	3	0	10	-83.3393
1.17493	1	0	2	-84.683
1.17493	3	0	6	-89.014
1.17493	3	0	7	-84.5112
1.17493	1	0	4	-93.5349
1.17493	3	0	8	-97.4433
1.17593	3	0	9	-92.511
1.17593	3	0	10	-83.2815
1.17593	3	0	6	-88.9499
1.17593	3	0	7	-84.4715
1.17593	1	0	4	-93.5049
1.17593	3	0	8	-97.4159
1.17593	1	0	5	-83.6221
1.17693	3	0	10	-83.2873
1.17693	1	0	4	-93.4331
1.17693	3	0	9	-92.5437
1.17693	3	0	6	-89.0535
1.17693	3	0	7	-84.5747
1.17693	3	0	8	-97.4017
1.17793	1	0	1	-90.7499
1.17793	1	0	2	-84.7512
1.17793	1	0	4	-93.4026
1.17793	1	0	3	-94.2436
1.17793	3	0	6	-89.0027
1.17793	3	0	7	-84.6512
1.17793	3	0	8	-97.3815
1.17793	1	0	5	-83.6241
1.17893	1	0	1	-90.7818
1.17893	3	0	6	-88.981
1.17893	1	0	2	-84.734
1.17893	3	0	7	-84.6726
1.17893	1	0	3	-94.2318
1.17893	3	0	8	-97.3583
1.17893	1	0	4	-93.4708
1.17893	3	0	9	-92.5251
1.17893	1	0	5	-83.572
1.17993	3	0	6	-88.8929
1.17993	3	0	7	-84.7094
1.17993	1	0	3	-94.1488
1.17993	3	0	8	-97.3389
1.17993	3	0	9	-92.4762
1.17993	1	0	5	-83.5572
1.17993	3	0	10	-83.2468
1.18093	1	0	1	-90.833
1.18093	3	0	6	-88.9432
1.18093	1	0	2	-84.6748
1.18093	3	0	7	-84.6918
1.18093	1	0	3	-94.0707
1.18093	3	0	8	-97.4058
1.18093	1	0	4	-93.4836
1.18093	3	0	9	-92.5094
1.18093	1	0	5	-83.5226
1.18093	3	0	10	-83.2305
1.18186	1	0	5	-83.5385
1.18193	3	0	6	-88.9852
1.18193	3	0	8	-97.3879
1.18193	3	0	9	-92.5422
1.18193	3	0	10	-83.3084
1.18193	1	0	1	-90.9101
1.18193	1	0	2	-84.6342
1.18193	1	0	3	-94.0769
1.18193	1	0	4	-93.5296
1.18193	3	0	7	-84.6464
1.18193	1	0	5	-83.51
1.18293	3	0	6	-88.9207
1.18293	1	0	1	-90.8299
1.18293	1	0	2	-84.6276
1.18293	3	0	7	-84.7218
1.18293	3	0	8	-97.3932
1.18293	1	0	3	-94.0785
1.18293	3	0	9	-92.5298
1.18293	1	0	4	-93.6046
1.18293	3	0	10	-83.4352
1.18293	1	0	5	-83.6301
1.18386	3	0	10	-83.4745
1.18393	3	0	6	-88.9495
1.18393	3	0	7	-84.6887
1.18393	3	0	9	-92.5283
1.18393	1	0	1	-90.825
1.18393	1	0	2	-84.5458
1.18393	1	0	3	-94.0149
1.18393	1	0	4	-93.4972
1.18393	3	0	8	-97.2922
1.18393	1	0	5	-83.571
1.18393	3	0	10	-83.4827
1.18493	1	0	1	-90.8484
1.18493	1	0	2	-84.5222
1.18493	1	0	3	-93.9836
1.18493	1	0	5	-83.554
1.18493	3	0	10	-83.4513
1.18493	3	0	6	-88.9355
1.18493	3	0	7	-84.8236
1.18493	3	0	9	-92.4924
1.18493	1	0	4	-93.564
1.18493	3	0	8	-97.3116
1.18593	1	0	1	-90.8232
1.18593	1	0	2	-84.4768
1.18593	1	0	3	-94.0491
1.18593	1	0	5	-83.5631
1.18593	3	0	10	-83.4248
1.18593	3	0	6	-88.9803
1.18593	3	0	7	-84.8663
1.18593	3	0	9	-92.5117
1.18593	1	0	4	-93.6112
1.18593	3	0	8	-97.3364
1.18693	3	0	6	-89.0375
1.18693	3	0	7	-84.9432
1.18693	3	0	8	-97.4048
1.18693	3	0	9	-92.4395
1.18693	1	0	1	-90.8805
1.18693	1	0	2	-84.4558
1.18693	1	0	3	-94.0376
1.18693	1	0	5	-83.4614
1.18693	1	0	4	-93.7121
1.18793	1	0	4	-93.7805
1.18793	3	0	6	-89.1328
1.18793	3	0	7	-85.0127
1.18793	3	0	8	-97.4146
1.18793	3	0	9	-92.3977
1.18893	1	0	1	-90.8442
1.18893	1	0	2	-84.4516
1.18893	1	0	3	-93.9015
1.18893	1	0	5	-83.5619
1.18893	3	0	6	-89.1159
1.18893	3	0	7	-84.9547
1.18893	3	0	8	-97.399
1.18893	3	0	9	-92.3876
1.18893	1	0	4	-93.6833
1.18893	3	0	10	-83.4226
1.18993	1	0	1	-90.8353
1.18993	1	0	2	-84.5247
1.18993	1	0	3	-93.9546
1.18993	1	0	5	-83.5336
1.18993	3	0	6	-88.981
1.18993	3	0	7	-84.9722
1.18993	3	0	8	-97.3613
1.18993	3	0	9	-92.4281
1.18993	1	0	4	-93.7389
1.18993	3	0	10	-83.3794
1.19086	3	0	9	-92.4803
1.19093	1	0	1	-90.8481
1.19093	3	0	6	-88.9669
1.19093	3	0	7	-85.0305
1.19093	1	0	2	-84.5901
1.19093	3	0	8	-97.3232
1.19093	1	0	3	-93.9519
1.19093	1	0	4	-93.7701
1.19093	3	0	10	-83.3328
1.19093	1	0	5	-83.6839
1.19093	3	0	9	-92.4974
1.19193	3	0	6	-88.9947
1.19193	3	0	7	-85.078
1.19193	3	0	10	-83.3802
1.19193	1	0	4	-93.784
1.19193	3	0	8	-97.3069
1.19193	3	0	9	-92.534
1.19293	3	0	6	-88.9158
1.19293	3	0	7	-85.1639
1.19293	3	0	10	-83.3791
1.19293	1	0	1	-90.8156
1.19293	1	0	2	-84.7054
1.19293	1	0	4	-93.868
1.19293	1	0	5	-83.7904
1.19293	1	0	3	-93.9663
1.19293	3	0	8	-97.2614
1.19293	3	0	9	-92.5498
1.19393	3	0	6	-88.8221
1.19393	1	0	1	-90.7758
1.19393	3	0	7	-85.2343
1.19393	1	0	2	-84.7555
1.19393	1	0	3	-93.8988
1.19393	3	0	8	-97.302
1.19393	1	0	4	-93.8341
1.19393	3	0	9	-92.5366
1.19393	3	0	10	-83.3561
1.19393	1	0	5	-83.8007
1.19493	1	0	1	-90.742
1.19493	1	0	2	-84.845
1.19493	1	0	3	-93.8487
1.19493	3	0	8	-97.403
1.19493	1	0	4	-93.8149
1.19493	3	0	9	-92.5224
1.19493	1	0	5	-83.805
1.19593	1	0	2	-84.9257
1.19593	1	0	4	-93.8721
1.19593	3	0	10	-83.191
1.19593	1	0	5	-83.809
1.19593	3	0	6	-88.8923
1.19593	1	0	1	-90.6838
1.19593	3	0	7	-85.1678
1.19593	1	0	3	-93.8462
1.19593	3	0	8	-97.5065
1.19593	3	0	9	-92.4251
1.19693	1	0	4	-93.7817
1.19693	3	0	6	-88.9413
1.19693	3	0	7	-85.2427
1.19693	3	0	8	-97.4385
1.19693	3	0	9	-92.4071
1.19693	1	0	2	-84.8697
1.19693	1	0	5	-83.7671
1.19693	1	0	1	-90.6841
1.19693	1	0	3	-93.9514
1.19693	3	0	10	-83.171
1.19793	3	0	6	-89.0028
1.19793	3	0	7	-85.2576
1.19793	3	0	9	-92.3836
1.19793	3	0	10	-83.1997
1.19793	1	0	1	-90.5687
1.19793	1	0	2	-84.8323
1.19793	1	0	3	-93.9753
1.19793	1	0	4	-93.827
1.19793	3	0	8	-97.4379
1.19793	1	0	5	-83.7209
1.19893	3	0	6	-88.9444
1.19893	3	0	7	-85.3417
1.19893	3	0	9	-92.3016
1.19893	3	0	10	-83.1171
1.19893	1	0	1	-90.5799
1.19893	1	0	3	-93.9461
1.19893	1	0	5	-83.7309
1.19893	1	0	2	-84.8165
1.19893	3	0	8	-97.4958
1.19993	3	0	10	-83.0605
1.19993	1	0	1	-90.5599
1.19993	1	0	3	-93.9552
1.19993	1	0	5	-83.6787
1.19993	3	0	6	-88.9857
1.19993	3	0	7	-85.3756
1.19993	3	0	9	-92.2558
1.19993	1	0	2	-84.7987
1.19993	1	0	4	-93.8322
1.19993	3	0	8	-97.4066
1.20093	3	0	8	-97.4198
1.20093	1	0	1	-90.5612
1.20093	1	0	2	-84.8826
1.20093	1	0	3	-93.856
1.20093	1	0	4	-93.8668
1.20093	1	0	5	-83.6663
1.20186	3	0	7	-85.4299
1.20193	3	0	6	-88.9314
1.20193	1	0	2	-84.8811
1.20193	1	0	4	-93.8581
1.20193	3	0	9	-92.1975
1.20193	3	0	8	-97.3853
1.20293	3	0	6	-88.9681
1.20293	1	0	1	-90.4092
1.20293	1	0	2	-84.8647
1.20293	3	0	7	-85.4675
1.20293	1	0	3	-94.01
1.20293	3	0	8	-97.4796
1.20293	1	0	4	-93.7911
1.20293	3	0	9	-92.1697
1.20293	1	0	5	-83.7831
1.20393	3	0	7	-85.5144
1.20393	3	0	9	-92.1436
1.20393	1	0	1	-90.4534
1.20393	1	0	2	-84.8106
1.20393	1	0	3	-94.0419
1.20393	1	0	4	-93.8433
1.20393	3	0	8	-97.5076
1.20393	1	0	5	-83.8047
1.20493	1	0	1	-90.4193
1.20493	1	0	2	-84.8357
1.20493	1	0	3	-94.08
1.20493	1	0	5	-83.8729
1.20493	3	0	6	-89.0464
1.20493	3	0	7	-85.5333
1.20493	3	0	8	-97.5735
1.20493	3	0	9	-92.0673
1.20493	1	0	4	-93.8009
1.20493	3	0	10	-83.0619
1.20593	1	0	1	-90.4959
1.20593	3	0	6	-88.9745
1.20593	1	0	2	-84.9876
1.20593	3	0	7	-85.5383
1.20593	1	0	3	-93.9679
1.20593	3	0	8	-97.5236
1.20593	3	0	9	-92.0706
1.20593	1	0	4	-93.8438
1.20593	1	0	5	-83.8747
1.20593	3	0	10	-83.0672
1.20693	1	0	1	-90.5628
1.20693	3	0	6	-88.925
1.20693	1	0	2	-85.0433
1.20693	3	0	7	-85.5924
1.20693	1	0	3	-94.0167
1.20693	3	0	8	-97.5986
1.20693	3	0	9	-91.9746
1.20693	1	0	4	-93.8932
1.20693	1	0	5	-83.8619
1.20693	3	0	10	-83.1059
1.20793	3	0	7	-85.6557
1.20793	3	0	9	-91.921
1.20793	1	0	4	-93.8747
1.20793	3	0	10	-83.0898
1.20793	1	0	1	-90.5193
1.20793	3	0	6	-88.9596
1.20793	1	0	2	-85.0245
1.20793	1	0	3	-93.9838
1.20793	3	0	8	-97.6346
1.20793	1	0	5	-83.8593
1.20893	1	0	1	-90.5686
1.20893	3	0	6	-88.9625
1.20893	3	0	7	-85.7202
1.20893	1	0	2	-85.0897
1.20893	1	0	3	-94.0546
1.20893	3	0	8	-97.6545
1.20893	3	0	9	-91.9321
1.20893	1	0	4	-93.9573
1.20893	3	0	10	-83.1171
1.20893	1	0	5	-83.8832
1.20993	1	0	1	-90.5622
1.20993	3	0	6	-89.0126
1.20993	3	0	7	-85.7395
1.20993	1	0	2	-85.0312
1.20993	1	0	3	-94.0219
1.20993	3	0	8	-97.6801
1.20993	3	0	9	-91.9639
1.20993	1	0	4	-93.8531
1.20993	3	0	10	-83.1975
1.20993	1	0	5	-83.904
1.21093	1	0	2	-85.0339
1.21093	3	0	10	-83.1025
1.21093	1	0	1	-90.5896
1.21093	3	0	6	-88.9524
1.21093	3	0	7	-85.8073
1.21093	1	0	3	-94.027
1.21093	3	0	8	-97.6834
1.21093	3	0	9	-91.9816
1.21093	1	0	4	-93.7654
1.21093	1	0	5	-83.8366
1.21193	3	0	10	-83.0696
1.21193	1	0	5	-83.8401
1.21193	1	0	2	-85.1305
1.21193	1	0	1	-90.6013
1.21193	3	0	6	-88.9522
1.21193	3	0	7	-85.883
1.21193	1	0	3	-94.0888
1.21193	3	0	8	-97.6374
1.21193	3	0	9	-91.9547
1.21193	1	0	4	-93.8087
1.21293	3	0	10	-83.0059
1.21293	1	0	1	-90.5871
1.21293	3	0	6	-88.9286
1.21293	3	0	7	-85.8774
1.21293	1	0	3	-94.0385
1.21293	3	0	9	-91.7864
1.21293	1	0	4	-93.8603
1.21293	1	0	5	-83.8788
1.21293	1	0	2	-85.2165
1.21293	3	0	8	-97.6918
1.21393	1	0	1	-90.4905
1.21393	3	0	6	-88.9521
1.21393	3	0	7	-85.7889
1.21393	1	0	3	-93.9879
1.21393	3	0	9	-91.8064
1.21393	1	0	4	-93.9116
1.21393	1	0	2	-85.2005
1.21393	1	0	5	-83.8944
1.21393	3	0	8	-97.7773
1.21493	3	0	6	-88.9008
1.21493	3	0	7	-85.8604
1.21493	3	0	9	-91.7699
1.21493	1	0	4	-93.9785
1.21493	1	0	1	-90.5964
1.21493	1	0	3	-94.0341
1.21493	1	0	2	-85.2261
1.21493	1	0	5	-83.9685
1.21493	3	0	8	-97.807
1.21593	1	0	2	-85.1706
1.21593	3	0	8	-97.7348
1.21593	1	0	5	-83.9895
1.21693	1	0	1	-90.5604
1.21693	1	0	2	-85.1524
1.21693	1	0	5	-84.0233
1.21693	3	0	8	-97.608
1.21693	1	0	3	-93.9377
1.21786	1	0	3	-93.9194
1.21793	1	0	1	-90.5957
1.21793	1	0	2	-85.1841
1.21793	3	0	8	-97.5858
1.21793	1	0	4	-93.7594
1.21793	3	0	9	-91.6455
1.21793	1	0	5	-83.9709
1.21793	1	0	3	-93.9332
1.21893	3	0	7	-85.7344
1.21893	1	0	4	-93.7178
1.21893	3	0	9	-91.6979
1.21893	1	0	3	-93.8385
1.21893	3	0	8	-97.5616
1.21893	1	0	5	-83.9357
1.21986	1	0	1	-90.6051
1.21993	3	0	6	-88.8503
1.21993	3	0	7	-85.7785
1.21993	3	0	9	-91.6705
1.21993	3	0	10	-83.1889
1.21993	1	0	2	-85.0952
1.21993	1	0	3	-93.8407
1.21993	1	0	4	-93.6886
1.21993	1	0	5	-83.9092
1.21993	3	0	8	-97.5914
1.22093	1	0	2	-85.1535
1.22093	1	0	4	-93.7095
1.22093	1	0	5	-83.9467
1.22093	1	0	1	-90.6445
1.22093	3	0	6	-88.7522
1.22093	3	0	7	-85.8075
1.22093	3	0	8	-97.6026
1.22093	3	0	9	-91.6926
1.22093	1	0	3	-93.836
1.22093	3	0	10	-83.2445
1.22193	1	0	2	-85.1869
1.22193	1	0	5	-84.0059
1.22193	1	0	1	-90.6122
1.22193	3	0	8	-97.6197
1.22193	1	0	4	-93.7024
1.22193	1	0	3	-93.7414
1.22293	1	0	1	-90.604
1.22293	3	0	6	-88.8371
1.22293	1	0	2	-85.1985
1.22293	3	0	7	-85.8722
1.22293	3	0	8	-97.5783
1.22293	1	0	3	-93.6674
1.22293	3	0	9	-91.7691
1.22293	1	0	4	-93.7423
1.22293	1	0	5	-84.0099
1.22293	3	0	10	-83.1504
1.22393	3	0	6	-88.796
1.22393	3	0	7	-85.7703
1.22393	1	0	3	-93.6525
1.22393	3	0	9	-91.6524
1.22393	1	0	4	-93.8223
1.22393	3	0	10	-83.1382
1.22393	3	0	8	-97.6169
1.22493	1	0	1	-90.6308
1.22493	3	0	6	-88.7865
1.22493	1	0	2	-85.1866
1.22493	3	0	7	-85.7685
1.22493	1	0	3	-93.6138
1.22493	3	0	8	-97.5804
1.22493	3	0	9	-91.6707
1.22493	1	0	4	-93.8227
1.22493	3	0	10	-83.2021
1.22493	1	0	5	-84.0976
1.22593	1	0	1	-90.6933
1.22593	3	0	6	-88.7828
1.22593	1	0	2	-85.2692
1.22593	3	0	7	-85.8016
1.22593	1	0	3	-93.6161
1.22593	3	0	8	-97.5875
1.22593	3	0	9	-91.8136
1.22593	1	0	4	-93.8606
1.22593	3	0	10	-83.1798
1.22593	1	0	5	-84.1431
1.22693	1	0	1	-90.7663
1.22693	3	0	6	-88.8336
1.22693	1	0	2	-85.1996
1.22693	3	0	7	-85.7818
1.22693	1	0	3	-93.6542
1.22693	3	0	8	-97.5742
1.22693	3	0	9	-91.8913
1.22693	1	0	4	-93.9
1.22693	3	0	10	-83.2452
1.22693	1	0	5	-84.2346
1.22793	3	0	6	-88.8779
1.22793	3	0	7	-85.7903
1.22793	1	0	3	-93.5438
1.22793	1	0	4	-93.8785
1.22793	3	0	10	-83.2845
1.22793	1	0	1	-90.8513
1.22793	1	0	2	-85.1567
1.22793	3	0	8	-97.5576
1.22793	3	0	9	-91.9321
1.22793	1	0	5	-84.3341
1.22893	3	0	6	-88.935
1.22893	1	0	1	-90.8919
1.22893	3	0	7	-85.7433
1.22893	1	0	2	-85.1041
1.22893	1	0	3	-93.5939
1.22893	3	0	8	-97.5142
1.22893	1	0	4	-93.8769
1.22893	3	0	9	-91.9483
1.22893	3	0	10	-83.2703
1.22893	1	0	5	-84.3528
1.22993	3	0	6	-88.9277
1.22993	1	0	1	-90.9067
1.22993	3	0	10	-83.226
1.22993	1	0	5	-84.3471
1.22993	3	0	7	-85.7024
1.22993	1	0	2	-84.9993
1.22993	1	0	3	-93.6354
1.22993	3	0	8	-97.5463
1.22993	1	0	4	-93.8941
1.22993	3	0	9	-91.9902
1.23093	3	0	6	-88.9192
1.23093	3	0	10	-83.2792
1.23093	1	0	5	-84.3602
1.23093	1	0	1	-90.8582
1.23093	3	0	7	-85.7809
1.23093	1	0	2	-84.8994
1.23093	1	0	3	-93.5988
1.23093	3	0	8	-97.603
1.23093	1	0	4	-93.8832
1.23093	3	0	9	-91.9597
1.23193	3	0	10	-83.2903
1.23193	1	0	4	-93.9014
1.23193	3	0	6	-88.8614
1.23193	1	0	5	-84.416
1.23193	1	0	1	-90.9148
1.23193	3	0	7	-85.7627
1.23193	1	0	2	-84.9133
1.23193	1	0	3	-93.7016
1.23193	3	0	8	-97.6247
1.23193	3	0	9	-91.9123
1.23293	1	0	1	-90.8944
1.23293	3	0	7	-85.824
1.23293	1	0	2	-84.9594
1.23293	1	0	3	-93.693
1.23293	3	0	9	-91.906
1.23293	1	0	4	-93.9386
1.23293	3	0	8	-97.5448
1.23393	3	0	6	-88.8232
1.23393	3	0	7	-85.8287
1.23393	1	0	2	-85.012
1.23393	1	0	3	-93.7366
1.23393	3	0	9	-91.9112
1.23393	1	0	4	-93.9622
1.23393	1	0	5	-84.4191
1.23393	1	0	1	-90.9031
1.23393	3	0	8	-97.5338
1.23486	1	0	4	-93.9309
1.23493	3	0	6	-88.8416
1.23493	1	0	2	-84.9675
1.23493	1	0	5	-84.3991
1.23493	1	0	1	-90.9425
1.23493	1	0	3	-93.7376
1.23493	3	0	7	-85.8477
1.23493	3	0	9	-91.9045
1.23493	3	0	8	-97.5308
1.23493	1	0	4	-93.9437
1.23593	1	0	5	-84.4291
1.23593	1	0	1	-90.9472
1.23593	1	0	4	-93.9051
1.23593	3	0	8	-97.5235
1.23693	1	0	1	-91.0241
1.23693	1	0	4	-93.9089
1.23693	3	0	7	-85.8946
1.23693	1	0	3	-93.8514
1.23693	3	0	9	-91.8405
1.23693	3	0	8	-97.5168
1.23793	1	0	2	-84.8869
1.23793	1	0	3	-93.8611
1.23793	3	0	7	-85.9727
1.23793	3	0	8	-97.5524
1.23793	3	0	9	-91.8783
1.23793	1	0	4	-93.9296
1.23893	3	0	7	-85.9767
1.23893	3	0	9	-91.762
1.23893	1	0	2	-84.927
1.23893	1	0	3	-93.8957
1.23893	3	0	8	-97.5522
1.23893	1	0	5	-84.3718
1.23993	1	0	5	-84.3988
1.23993	3	0	6	-88.9764
1.23993	3	0	7	-86.0339
1.23993	3	0	8	-97.5069
1.23993	3	0	9	-91.8544
1.23993	1	0	3	-93.8432
1.23993	1	0	4	-93.9699
1.23993	3	0	10	-83.484
1.24093	3	0	6	-88.9086
1.24093	3	0	7	-86.0235
1.24093	3	0	10	-83.5091
1.24093	1	0	2	-85.0274
1.24093	1	0	3	-93.7498
1.24093	1	0	4	-94.072
1.24093	3	0	8	-97.5463
1.24093	3	0	9	-91.8547
1.24093	1	0	5	-84.485
1.24193	3	0	6	-88.8784
1.24193	3	0	10	-83.443
1.24193	1	0	2	-84.9987
1.24193	1	0	4	-93.9944
1.24193	3	0	8	-97.5305
1.24193	3	0	7	-85.9679
1.24193	1	0	3	-93.7002
1.24193	3	0	9	-91.9059
1.24193	1	0	5	-84.4796
1.24293	3	0	10	-83.4168
1.24293	3	0	6	-88.8141
1.24293	1	0	2	-85.0585
1.24293	3	0	7	-85.9916
1.24293	1	0	3	-93.706
1.24293	1	0	4	-93.912
1.24293	3	0	8	-97.5093
1.24293	3	0	9	-91.8973
1.24293	1	0	5	-84.4621
1.24393	1	0	2	-85.0236
1.24393	3	0	7	-86.0448
1.24393	1	0	3	-93.7512
1.24393	1	0	4	-93.9065
1.24393	3	0	8	-97.5642
1.24393	3	0	9	-91.9151
1.24393	1	0	5	-84.3578
1.24493	3	0	6	-88.611
1.24493	1	0	2	-85.1067
1.24493	3	0	7	-86.0237
1.24493	1	0	3	-93.73
1.24493	1	0	4	-93.9746
1.24493	3	0	8	-97.6309
1.24493	3	0	9	-91.9027
1.24493	1	0	5	-84.405
1.24593	3	0	6	-88.5401
1.24593	1	0	2	-85.1478
1.24593	3	0	7	-85.9722
1.24593	1	0	3	-93.7205
1.24593	1	0	4	-93.9765
1.24593	3	0	8	-97.6346
1.24593	3	0	9	-91.7904
1.24593	1	0	5	-84.3333
1.24693	3	0	6	-88.586
1.24693	1	0	2	-85.2498
1.24693	3	0	7	-85.9119
1.24693	1	0	3	-93.7102
1.24693	1	0	4	-93.8445
1.24693	3	0	8	-97.5188
1.24693	3	0	9	-91.7258
1.24693	1	0	5	-84.3885
1.24793	3	0	6	-88.605
1.24793	1	0	5	-84.3789
1.24793	1	0	2	-85.2382
1.24793	3	0	7	-85.8265
1.24793	1	0	3	-93.6993
1.24793	1	0	4	-93.8208
1.24793	3	0	8	-97.5323
1.24793	3	0	9	-91.6919
1.24893	1	0	4	-93.8687
1.24893	3	0	9	-91.6663
1.24893	3	0	6	-88.7078
1.24893	1	0	5	-84.3445
1.24893	1	0	2	-85.3131
1.24893	3	0	7	-85.8586
1.24893	1	0	3	-93.7019
1.24893	3	0	8	-97.5378
1.24993	1	0	3	-93.6357
1.24993	3	0	8	-97.5905
1.24993	1	0	4	-93.9445
1.24993	3	0	9	-91.7278
1.24993	3	0	6	-88.7219
1.24993	1	0	5	-84.3636
1.24993	1	0	2	-85.25
1.24993	3	0	7	-85.8974
1.25086	3	0	6	-88.8074
1.25093	1	0	2	-85.3647
1.25093	3	0	7	-85.9199
1.25093	3	0	8	-97.6025
1.25093	3	0	9	-91.7394
1.25093	1	0	3	-93.5973
1.25093	1	0	4	-94.0093
1.25093	1	0	5	-84.3625
1.25093	3	0	6	-88.8039
1.25193	1	0	4	-93.9999
1.25193	3	0	6	-88.8702
1.25193	1	0	2	-85.3617
1.25193	3	0	7	-85.9471
1.25193	3	0	8	-97.6944
1.25193	3	0	9	-91.6932
1.25193	1	0	3	-93.4759
1.25193	1	0	5	-84.2833
1.25293	3	0	7	-85.9008
1.25293	1	0	3	-93.4659
1.25293	1	0	4	-94.0844
1.25293	3	0	6	-88.7913
1.25293	1	0	2	-85.316
1.25293	3	0	8	-97.718
1.25293	3	0	9	-91.6938
1.25293	1	0	5	-84.2384
1.25386	1	0	2	-85.3422
1.25386	3	0	8	-97.7553
1.25393	3	0	6	-88.6566
1.25393	3	0	9	-91.654
1.25393	1	0	5	-84.2194
1.25393	3	0	7	-85.9579
1.25393	1	0	3	-93.4291
1.25393	1	0	4	-94.0732
1.25393	1	0	2	-85.3321
1.25393	3	0	8	-97.756
1.25493	3	0	6	-88.565
1.25493	1	0	5	-84.2095
1.25493	1	0	3	-93.4049
1.25493	1	0	2	-85.3373
1.25493	3	0	9	-91.6675
1.25493	3	0	7	-86.0392
1.25493	1	0	4	-93.9501
1.25493	3	0	8	-97.7387
1.25593	3	0	6	-88.5564
1.25593	1	0	2	-85.3868
1.25593	1	0	3	-93.3769
1.25593	1	0	4	-93.9655
1.25593	3	0	9	-91.6889
1.25593	3	0	7	-85.9566
1.25593	3	0	8	-97.7127
1.25593	1	0	5	-84.2238
1.25693	1	0	4	-93.9717
1.25693	1	0	3	-93.3617
1.25693	3	0	9	-91.684
1.25693	3	0	7	-85.8409
1.25693	3	0	8	-97.7152
1.25793	1	0	2	-85.2168
1.25793	1	0	3	-93.306
1.25793	3	0	7	-85.8291
1.25793	1	0	4	-93.9933
1.25793	3	0	9	-91.8268
1.25793	3	0	8	-97.8129
1.25793	1	0	5	-84.0903
1.25893	1	0	2	-85.2036
1.25893	3	0	9	-91.7915
1.25893	1	0	5	-84.1744
1.25893	1	0	3	-93.3407
1.25893	3	0	7	-85.8858
1.25893	1	0	4	-93.9867
1.25893	3	0	8	-97.8072
1.25993	3	0	9	-91.7879
1.25993	1	0	5	-84.2779
1.25993	1	0	3	-93.3187
1.25993	3	0	8	-97.8256
1.25993	3	0	7	-85.9029
1.25993	1	0	4	-93.9691
1.26093	3	0	7	-85.9112
1.26093	1	0	3	-93.4218
1.26093	1	0	4	-93.8958
1.26093	3	0	9	-91.8404
1.26093	3	0	8	-97.8867
1.26093	1	0	5	-84.2333
1.26186	1	0	5	-84.2711
1.26193	1	0	4	-93.9354
1.26193	3	0	8	-97.8878
1.26193	1	0	3	-93.4149
1.26193	3	0	7	-85.9956
1.26293	3	0	8	-97.8442
1.26293	1	0	3	-93.384
1.26293	3	0	7	-85.9474
1.26293	1	0	4	-94.0108
1.26293	3	0	9	-91.7262
1.26293	1	0	5	-84.2117
1.26386	3	0	10	-83.6001
1.26393	1	0	5	-84.261
1.26393	3	0	7	-86.0717
1.26393	3	0	8	-97.8762
1.26393	3	0	9	-91.7666
1.26393	1	0	3	-93.3644
1.26393	1	0	4	-93.923
1.26493	1	0	3	-93.421
1.26493	3	0	7	-86.0264
1.26493	1	0	4	-93.9049
1.26493	1	0	5	-84.2746
1.26493	3	0	9	-91.8027
1.26593	3	0	6	-88.5882
1.26593	1	0	3	-93.4797
1.26593	3	0	7	-85.9954
1.26593	1	0	4	-93.8798
1.26593	3	0	8	-97.728
1.26593	1	0	5	-84.2094
1.26593	3	0	9	-91.8219
1.26693	3	0	6	-88.5712
1.26693	1	0	3	-93.5435
1.26693	3	0	7	-86.0501
1.26693	1	0	4	-93.7997
1.26693	3	0	8	-97.7559
1.26693	1	0	5	-84.2158
1.26693	3	0	9	-91.8179
1.26793	3	0	6	-88.5807
1.26793	1	0	3	-93.5693
1.26793	3	0	7	-86.0004
1.26793	1	0	4	-93.7846
1.26793	3	0	8	-97.8054
1.26793	1	0	5	-84.1999
1.26793	3	0	9	-91.8969
1.26893	3	0	6	-88.4351
1.26893	1	0	3	-93.5769
1.26893	3	0	7	-85.9816
1.26893	1	0	4	-93.8548
1.26893	3	0	8	-97.8607
1.26893	1	0	5	-84.1563
1.26893	3	0	9	-92.016
1.26993	3	0	7	-85.9369
1.26993	3	0	8	-97.9091
1.26993	3	0	9	-92.0766
1.26993	1	0	3	-93.6125
1.26993	1	0	4	-93.8344
1.26993	3	0	6	-88.4021
1.26993	1	0	5	-84.1972
1.27086	3	0	9	-92.1339
1.27093	3	0	6	-88.3957
1.27093	1	0	3	-93.6848
1.27093	3	0	7	-85.8852
1.27093	1	0	4	-93.852
1.27093	3	0	8	-97.8715
1.27093	1	0	5	-84.324
1.27093	3	0	9	-92.1375
1.27193	3	0	6	-88.4745
1.27193	3	0	7	-85.8265
1.27193	3	0	8	-97.8509
1.27193	1	0	3	-93.7248
1.27193	1	0	4	-93.8712
1.27193	3	0	9	-92.1736
1.27193	1	0	5	-84.336
1.27293	3	0	6	-88.4486
1.27293	3	0	8	-97.8618
1.27293	1	0	3	-93.6783
1.27293	1	0	4	-93.8821
1.27293	3	0	7	-85.8454
1.27293	3	0	9	-92.1046
1.27293	1	0	5	-84.3541
1.27393	3	0	6	-88.4075
1.27393	3	0	8	-97.7918
1.27393	1	0	3	-93.6164
1.27393	1	0	4	-93.8471
1.27393	3	0	7	-85.6768
1.27393	3	0	9	-92.1203
1.27393	1	0	5	-84.2889
1.27493	1	0	5	-84.3091
1.27493	3	0	7	-85.6345
1.27493	1	0	3	-93.5681
1.27493	1	0	4	-93.7899
1.27493	3	0	9	-91.9892
1.27593	1	0	5	-84.3135
1.27593	3	0	7	-85.6197
1.27593	1	0	4	-93.6804
1.27593	1	0	3	-93.6407
1.27593	3	0	9	-92.006
1.27693	1	0	4	-93.6339
1.27693	1	0	3	-93.6512
1.27693	3	0	6	-88.5102
1.27693	3	0	7	-85.6012
1.27693	3	0	8	-97.8027
1.27693	1	0	5	-84.2656
1.27693	3	0	9	-91.9207
1.27793	1	0	4	-93.665
1.27793	3	0	6	-88.5882
1.27793	3	0	7	-85.6488
1.27793	3	0	8	-97.8847
1.27793	1	0	3	-93.7089
1.27793	3	0	9	-91.8919
1.27893	1	0	3	-93.6297
1.27893	3	0	6	-88.6719
1.27893	3	0	7	-85.7796
1.27893	3	0	8	-97.819
1.27893	1	0	5	-84.2185
1.27893	3	0	9	-91.9286
1.27993	3	0	6	-88.6682
1.27993	1	0	5	-84.2121
1.27993	3	0	9	-91.9059
1.27993	1	0	3	-93.6703
1.27993	3	0	7	-85.8314
1.27993	3	0	8	-97.797
1.28093	3	0	6	-88.5985
1.28093	1	0	3	-93.6817
1.28093	3	0	7	-85.8849
1.28093	1	0	4	-93.6114
1.28093	3	0	8	-97.7199
1.28093	1	0	5	-84.1958
1.28093	3	0	9	-91.8886
1.28186	3	0	7	-85.7597
1.28193	3	0	6	-88.6287
1.28193	3	0	8	-97.7343
1.28193	3	0	9	-91.8017
1.28193	1	0	3	-93.7106
1.28193	1	0	4	-93.6287
1.28193	1	0	5	-84.1897
1.28193	3	0	7	-85.7447
1.28293	3	0	6	-88.6657
1.28293	3	0	8	-97.64
1.28293	3	0	7	-85.8007
1.28293	1	0	3	-93.715
1.28293	1	0	4	-93.5697
1.28293	3	0	9	-91.7665
1.28293	1	0	5	-84.2906
1.28393	3	0	6	-88.6338
1.28393	1	0	3	-93.8028
1.28393	1	0	4	-93.5259
1.28393	3	0	8	-97.607
1.28393	3	0	7	-85.7695
1.28393	3	0	9	-91.7354
1.28393	1	0	5	-84.3225
1.28493	1	0	3	-93.794
1.28493	3	0	7	-85.6912
1.28493	3	0	9	-91.7614
1.28493	1	0	5	-84.3148
1.28493	1	0	4	-93.6228
1.28593	3	0	7	-85.7231
1.28593	1	0	5	-84.2911
1.28593	3	0	8	-97.6144
1.28593	1	0	3	-93.6988
1.28593	3	0	9	-91.821
1.28593	1	0	4	-93.5827
1.28693	1	0	3	-93.786
1.28693	3	0	7	-85.8019
1.28693	1	0	4	-93.5729
1.28693	3	0	8	-97.5827
1.28693	1	0	5	-84.3942
1.28693	3	0	9	-91.9299
1.28793	1	0	3	-93.7289
1.28793	1	0	4	-93.4946
1.28793	3	0	6	-88.7321
1.28793	3	0	8	-97.5319
1.28793	3	0	9	-91.8518
1.28893	1	0	4	-93.4511
1.28893	3	0	6	-88.7399
1.28893	3	0	7	-85.7948
1.28893	3	0	8	-97.55
1.28893	1	0	3	-93.7069
1.28893	1	0	5	-84.2883
1.28893	3	0	9	-91.9089
1.28993	3	0	6	-88.6814
1.28993	3	0	7	-85.677
1.28993	1	0	3	-93.6678
1.28993	1	0	5	-84.2876
1.28993	3	0	9	-91.8916
1.28993	1	0	4	-93.4272
1.28993	3	0	8	-97.5242
1.29093	1	0	5	-84.2357
1.29093	3	0	6	-88.7038
1.29093	3	0	7	-85.6309
1.29093	3	0	8	-97.5123
1.29093	1	0	3	-93.5713
1.29093	3	0	9	-91.8222
1.29193	3	0	6	-88.6794
1.29193	1	0	3	-93.3993
1.29193	3	0	7	-85.5656
1.29193	1	0	4	-93.3218
1.29193	3	0	8	-97.5964
1.29193	1	0	5	-84.2483
1.29193	3	0	9	-91.7927
1.29293	3	0	6	-88.6551
1.29293	3	0	8	-97.6019
1.29293	3	0	9	-91.8584
1.29293	1	0	3	-93.4772
1.29293	1	0	4	-93.3886
1.29293	3	0	7	-85.5812
1.29393	3	0	6	-88.6706
1.29393	1	0	3	-93.4349
1.29393	1	0	4	-93.3622
1.29393	3	0	8	-97.6224
1.29393	3	0	9	-91.9971
1.29393	3	0	7	-85.6193
1.29393	1	0	5	-84.2041
1.29493	1	0	3	-93.4651
1.29493	1	0	5	-84.2336
1.29493	3	0	6	-88.7426
1.29493	3	0	7	-85.6634
1.29493	3	0	8	-97.6462
1.29493	1	0	4	-93.3367
1.29493	3	0	9	-92.0083
1.29593	3	0	8	-97.7352
1.29593	3	0	9	-92.0486
1.29593	1	0	3	-93.47
1.29593	1	0	4	-93.2755
1.29593	3	0	7	-85.6618
1.29593	1	0	5	-84.2623
1.29693	3	0	6	-88.7696
1.29693	1	0	3	-93.4792
1.29693	3	0	7	-85.6429
1.29693	1	0	4	-93.2453
1.29693	3	0	8	-97.6363
1.29693	1	0	5	-84.3043
1.29693	3	0	9	-92.0893
1.29786	1	0	3	-93.4787
1.29793	1	0	4	-93.2751
1.29793	3	0	6	-88.8078
1.29793	3	0	7	-85.5931
1.29793	3	0	8	-97.6644
1.29793	1	0	5	-84.2713
1.29793	3	0	9	-92.098
1.29793	1	0	3	-93.4841
1.29893	1	0	5	-84.3197
1.29893	3	0	6	-88.9168
1.29893	3	0	7	-85.5988
1.29893	3	0	8	-97.6824
1.29893	1	0	4	-93.3335
1.29893	1	0	3	-93.4719
1.29893	3	0	9	-92.1896
1.29986	1	0	1	-91.1413
1.29993	1	0	4	-93.4198
1.29993	1	0	3	-93.4431
1.29993	3	0	6	-88.8694
1.29993	3	0	7	-85.6179
1.29993	3	0	8	-97.6926
1.29993	1	0	5	-84.3671
1.29993	3	0	9	-92.1383
1.30093	1	0	4	-93.4358
1.30093	1	0	3	-93.4827
1.30093	3	0	6	-88.8654
1.30093	3	0	7	-85.5767
1.30093	3	0	8	-97.6971
1.30093	1	0	5	-84.3555
1.30093	3	0	9	-92.1085
1.30193	1	0	4	-93.5332
1.30193	3	0	7	-85.5095
1.30193	1	0	5	-84.3385
1.30193	1	0	3	-93.451
1.30193	3	0	6	-88.8918
1.30193	3	0	8	-97.7214
1.30193	3	0	9	-92.1227
1.30293	3	0	6	-88.9943
1.30293	3	0	8	-97.7117
1.30293	3	0	9	-92.1218
1.30293	3	0	7	-85.5018
1.30293	1	0	5	-84.2573
1.30393	3	0	6	-88.9745
1.30393	3	0	9	-92.0886
1.30393	1	0	3	-93.5468
1.30393	3	0	8	-97.7466
1.30393	3	0	7	-85.393
1.30393	1	0	5	-84.2823
1.30493	3	0	6	-88.9724
1.30493	3	0	9	-92.1003
1.30493	3	0	8	-97.7776
1.30493	1	0	3	-93.5657
1.30493	1	0	4	-93.407
1.30493	3	0	7	-85.3954
1.30493	1	0	5	-84.2961
1.30593	1	0	3	-93.6394
1.30593	3	0	7	-85.2473
1.30593	3	0	8	-97.665
1.30593	1	0	4	-93.3996
1.30593	1	0	5	-84.3347
1.30693	1	0	3	-93.5641
1.30693	3	0	7	-85.1542
1.30693	3	0	8	-97.7109
1.30693	1	0	4	-93.3424
1.30693	1	0	5	-84.3255
1.30793	1	0	3	-93.5622
1.30793	1	0	4	-93.3936
1.30793	3	0	7	-85.1449
1.30793	3	0	8	-97.6818
1.30793	1	0	5	-84.3063
1.30793	3	0	9	-92.1044
1.30893	3	0	7	-85.1481
1.30893	1	0	5	-84.2144
1.30893	3	0	8	-97.5951
1.30893	1	0	3	-93.5006
1.30893	1	0	4	-93.2818
1.30893	3	0	9	-92.1395
1.30993	3	0	7	-85.0862
1.30993	1	0	3	-93.6079
1.30993	1	0	4	-93.3017
1.30993	3	0	8	-97.6044
1.30993	1	0	5	-84.2956
1.30993	3	0	9	-92.0608
1.31093	1	0	4	-93.286
1.31093	3	0	9	-92.0676
1.31093	3	0	7	-85.0732
1.31093	1	0	3	-93.6127
1.31093	3	0	8	-97.6366
1.31093	1	0	5	-84.3655
1.31193	1	0	3	-93.6534
1.31193	3	0	8	-97.6845
1.31193	1	0	4	-93.3357
1.31193	3	0	9	-92.123
1.31193	1	0	5	-84.2733
1.31293	3	0	7	-85.156
1.31293	1	0	3	-93.6425
1.31293	3	0	8	-97.7793
1.31293	3	0	9	-92.1053
1.31293	1	0	5	-84.2994
1.31393	3	0	7	-85.1658
1.31393	1	0	3	-93.615
1.31393	1	0	5	-84.3415
1.31393	1	0	4	-93.2378
1.31393	3	0	8	-97.7764
1.31393	3	0	9	-92.0646
1.31486	1	0	4	-93.1966
1.31493	3	0	7	-85.2376
1.31493	1	0	3	-93.5862
1.31493	3	0	8	-97.8472
1.31493	1	0	5	-84.3553
1.31493	3	0	9	-92.0192
1.31493	1	0	4	-93.218
1.31593	3	0	9	-92.0419
1.31593	1	0	4	-93.2833
1.31593	1	0	3	-93.5752
1.31593	3	0	8	-97.8252
1.31593	1	0	5	-84.3504
1.31693	1	0	3	-93.6233
1.31693	3	0	8	-97.7857
1.31693	3	0	9	-92.1252
1.31693	1	0	4	-93.3071
1.31693	1	0	5	-84.3987
1.31793	1	0	4	-93.2611
1.31793	3	0	7	-85.315
1.31793	1	0	3	-93.6352
1.31793	3	0	8	-97.7672
1.31793	3	0	9	-92.0593
1.31793	1	0	5	-84.3207
1.31893	3	0	7	-85.2977
1.31893	1	0	3	-93.6149
1.31893	1	0	5	-84.2489
1.31893	3	0	8	-97.7569
1.31893	1	0	4	-93.3298
1.31893	3	0	9	-92.0932
1.31993	3	0	7	-85.3362
1.31993	1	0	4	-93.3296
1.31993	3	0	8	-97.8701
1.31993	1	0	3	-93.5328
1.31993	1	0	5	-84.2335
1.31993	3	0	9	-92.0839
1.32093	1	0	4	-93.4125
1.32093	1	0	5	-84.2255
1.32093	3	0	9	-92.0547
1.32093	3	0	8	-97.8769
1.32093	1	0	3	-93.5562
1.32193	3	0	8	-97.9185
1.32193	1	0	3	-93.5915
1.32193	1	0	4	-93.3453
1.32193	1	0	5	-84.2655
1.32193	3	0	9	-91.967
1.32293	3	0	8	-97.8819
1.32293	1	0	3	-93.5672
1.32293	1	0	5	-84.2484
1.32293	3	0	9	-91.9407
1.32393	1	0	3	-93.6437
1.32393	3	0	8	-97.9479
1.32393	1	0	4	-93.4024
1.32393	3	0	9	-91.9023
1.32393	1	0	5	-84.3076
1.32493	1	0	3	-93.6281
1.32493	1	0	4	-93.364
1.32493	3	0	8	-98.0298
1.32493	3	0	9	-91.8712
1.32493	1	0	5	-84.288
1.32593	1	0	3	-93.6622
1.32593	3	0	8	-98.0148
1.32593	1	0	4	-93.2901
1.32593	3	0	9	-91.861
1.32593	1	0	5	-84.1955
1.32693	1	0	3	-93.6963
1.32693	3	0	8	-98.0535
1.32693	1	0	4	-93.3997
1.32693	3	0	9	-91.8438
1.32693	1	0	5	-84.2161
1.32793	1	0	3	-93.6732
1.32793	3	0	8	-97.9352
1.32793	1	0	4	-93.3663
1.32793	3	0	9	-91.877
1.32793	1	0	5	-84.2089
1.32893	1	0	3	-93.6587
1.32893	3	0	8	-97.8774
1.32893	1	0	4	-93.2705
1.32893	3	0	9	-91.7856
1.32893	1	0	5	-84.2154
1.32993	1	0	3	-93.6808
1.32993	3	0	8	-97.8537
1.32993	1	0	4	-93.2201
1.32993	3	0	9	-91.7467
1.32993	1	0	5	-84.1574
1.33086	3	0	6	-89.3578
1.33093	1	0	5	-84.1291
1.33093	3	0	8	-97.8217
1.33093	3	0	9	-91.7725
1.33093	1	0	3	-93.6562
1.33093	1	0	4	-93.1685
1.33193	1	0	3	-93.662
1.33193	1	0	4	-93.1979
1.33193	3	0	8	-97.8465
1.33193	1	0	5	-84.1041
1.33193	3	0	9	-91.7956
1.33293	1	0	3	-93.5868
1.33293	1	0	4	-93.0988
1.33293	3	0	8	-97.9588
1.33293	1	0	5	-84.0664
1.33293	3	0	9	-91.9189
1.33386	1	0	2	-86.1915
1.33386	3	0	8	-97.8903
1.33393	1	0	3	-93.6256
1.33393	1	0	4	-93.0016
1.33393	1	0	5	-84.0605
1.33393	3	0	9	-91.9324
1.33393	3	0	8	-97.8975
1.33493	3	0	8	-97.9683
1.33493	3	0	9	-91.8548
1.33493	1	0	5	-84.0847
1.33593	3	0	8	-98.1095
1.33593	3	0	9	-91.8396
1.33593	1	0	5	-84.1576
1.33693	1	0	3	-93.6387
1.33693	3	0	8	-98.0608
1.33693	1	0	4	-92.9586
1.33693	3	0	9	-91.7638
1.33693	1	0	5	-84.1423
1.33793	1	0	3	-93.6879
1.33793	3	0	8	-98.0128
1.33793	1	0	4	-92.8877
1.33793	3	0	9	-91.6458
1.33793	1	0	5	-84.1869
1.33893	1	0	3	-93.6571
1.33893	3	0	8	-98.0146
1.33893	1	0	4	-92.8843
1.33893	3	0	9	-91.5831
1.33893	1	0	5	-84.1499
1.33993	1	0	3	-93.705
1.33993	3	0	8	-98.0535
1.33993	1	0	4	-92.9206
1.33993	3	0	9	-91.5521
1.33993	1	0	5	-84.0702
1.34093	1	0	3	-93.7008
1.34093	1	0	5	-84.0632
1.34093	3	0	8	-98.1665
1.34093	1	0	4	-92.9082
1.34093	3	0	9	-91.5831
1.34186	1	0	5	-84.0964
1.34193	3	0	8	-98.2092
1.34193	1	0	3	-93.7333
1.34193	1	0	4	-92.9203
1.34193	3	0	9	-91.4946
1.34193	1	0	5	-84.0985
1.34293	1	0	5	-84.176
1.34293	3	0	8	-98.1872
1.34293	1	0	3	-93.6706
1.34293	1	0	4	-92.9501
1.34293	3	0	9	-91.5913
1.34386	3	0	10	-84.5135
1.34393	1	0	4	-92.9468
1.34393	3	0	9	-91.6596
1.34393	3	0	8	-98.0173
1.34393	1	0	3	-93.7446
1.34493	1	0	3	-93.7591
1.34493	1	0	4	-92.9212
1.34493	3	0	9	-91.7484
1.34493	3	0	8	-97.9574
1.34593	1	0	5	-84.1137
1.34593	3	0	8	-97.9696
1.34593	1	0	3	-93.8183
1.34593	1	0	4	-92.9299
1.34593	3	0	9	-91.8068
1.34693	1	0	5	-84.17
1.34693	3	0	9	-91.7793
1.34693	3	0	8	-97.9887
1.34693	1	0	3	-93.8269
1.34693	1	0	4	-93.0183
1.34793	1	0	5	-84.178
1.34793	3	0	9	-91.7615
1.34793	3	0	8	-97.9954
1.34793	1	0	3	-93.8042
1.34793	1	0	4	-93.0424
1.34893	3	0	9	-91.7111
1.34893	1	0	4	-93.0961
1.34893	3	0	8	-98.0354
1.34893	1	0	3	-93.7621
1.34993	3	0	8	-97.9869
1.34993	1	0	3	-93.7415
1.34993	1	0	4	-93.1584
1.35086	3	0	9	-91.6459
1.35093	3	0	8	-98.0022
1.35093	1	0	5	-84.0684
1.35093	1	0	3	-93.7521
1.35093	1	0	4	-93.1851
1.35193	3	0	9	-91.5968
1.35193	1	0	3	-93.7425
1.35193	1	0	4	-93.1713
1.35193	3	0	8	-97.9849
1.35193	1	0	5	-84.0561
1.35293	3	0	9	-91.6374
1.35293	1	0	4	-93.0904
1.35293	1	0	5	-84.1037
1.35293	1	0	3	-93.75
1.35393	3	0	9	-91.6598
1.35393	1	0	3	-93.7025
1.35393	1	0	4	-93.0836
1.35393	3	0	8	-98.0593
1.35393	1	0	5	-84.1445
1.35493	1	0	3	-93.7215
1.35493	1	0	4	-92.9779
1.35493	3	0	8	-97.9756
1.35493	1	0	5	-84.1089
1.35593	3	0	8	-97.8851
1.35593	1	0	3	-93.6747
1.35593	1	0	4	-93.0098
1.35593	1	0	5	-84.0256
1.35693	1	0	3	-93.6305
1.35693	1	0	5	-84.1089
1.35693	3	0	8	-97.9544
1.35693	1	0	4	-92.9031
1.35693	3	0	9	-91.6011
1.35793	1	0	3	-93.6438
1.35793	3	0	8	-97.9171
1.35793	1	0	4	-92.9071
1.35793	3	0	9	-91.7208
1.35793	1	0	5	-84.1265
1.35893	1	0	3	-93.6693
1.35893	3	0	8	-97.8924
1.35893	1	0	4	-92.8726
1.35893	3	0	9	-91.7672
1.35893	1	0	5	-84.0719
1.35993	1	0	3	-93.6886
1.35993	3	0	8	-97.7965
1.35993	1	0	4	-92.9246
1.35993	3	0	9	-91.8698
1.35993	1	0	5	-83.9944
1.36093	1	0	3	-93.6926
1.36093	3	0	8	-97.8414
1.36093	1	0	4	-92.9019
1.36093	3	0	9	-91.9237
1.36093	1	0	5	-83.9721
1.36186	3	0	7	-85.1055
1.36193	1	0	3	-93.6067
1.36193	3	0	8	-97.7111
1.36193	1	0	4	-92.9056
1.36193	3	0	9	-91.8788
1.36193	1	0	5	-83.9772
1.36293	1	0	4	-92.9393
1.36293	3	0	9	-91.9725
1.36293	1	0	3	-93.5915
1.36293	3	0	8	-97.6934
1.36293	1	0	5	-83.9478
1.36393	1	0	4	-92.9863
1.36393	3	0	8	-97.7498
1.36393	1	0	3	-93.6828
1.36393	1	0	5	-84.064
1.36393	3	0	9	-91.9681
1.36493	1	0	4	-92.9965
1.36493	3	0	9	-92.0774
1.36493	3	0	8	-97.7244
1.36493	1	0	3	-93.6706
1.36493	1	0	5	-84.0529
1.36593	3	0	9	-92.0498
1.36593	3	0	8	-97.718
1.36593	1	0	3	-93.6056
1.36593	1	0	5	-84.0504
1.36693	1	0	5	-84.0108
1.36693	3	0	9	-92.0842
1.36693	3	0	8	-97.7226
1.36693	1	0	3	-93.608
1.36793	1	0	5	-84.0843
1.36793	3	0	9	-92.1799
1.36793	3	0	8	-97.6962
1.36793	1	0	3	-93.5702
1.36893	1	0	3	-93.5099
1.36893	3	0	9	-92.1748
1.36893	3	0	8	-97.6413
1.36893	1	0	5	-84.02
1.36993	3	0	9	-92.163
1.36993	1	0	3	-93.4524
1.36993	3	0	8	-97.6546
1.37093	3	0	8	-97.5764
1.37093	1	0	3	-93.4504
1.37093	1	0	4	-93.0475
1.37093	3	0	9	-92.1431
1.37093	1	0	5	-84.0092
1.37193	1	0	3	-93.4128
1.37193	3	0	8	-97.5989
1.37193	1	0	4	-93.0751
1.37193	3	0	9	-92.1596
1.37193	1	0	5	-83.9092
1.37293	1	0	3	-93.4819
1.37293	3	0	8	-97.6449
1.37293	1	0	4	-93.0622
1.37293	3	0	9	-92.1854
1.37293	1	0	5	-83.8666
1.37393	1	0	5	-83.8133
1.37393	3	0	8	-97.6641
1.37393	1	0	3	-93.4731
1.37393	1	0	4	-92.9963
1.37393	3	0	9	-92.1631
1.37493	1	0	3	-93.4246
1.37493	1	0	4	-93.0069
1.37493	3	0	8	-97.7108
1.37493	1	0	5	-83.786
1.37493	3	0	9	-92.17
1.37593	1	0	3	-93.3729
1.37593	3	0	8	-97.6685
1.37593	1	0	4	-92.9359
1.37593	3	0	9	-92.206
1.37593	1	0	5	-83.7661
1.37693	1	0	3	-93.2431
1.37693	1	0	4	-92.9117
1.37693	3	0	8	-97.6406
1.37693	1	0	5	-83.7249
1.37693	3	0	9	-92.2497
1.37786	1	0	3	-93.3561
1.37793	1	0	4	-92.9221
1.37793	3	0	9	-92.2496
1.37793	1	0	5	-83.7361
1.37793	3	0	8	-97.5354
1.37793	1	0	3	-93.3552
1.37893	1	0	5	-83.7634
1.37893	3	0	8	-97.5043
1.37893	1	0	3	-93.3556
1.37893	1	0	4	-92.89
1.37893	3	0	9	-92.1868
1.37986	1	0	1	-90.978
1.37993	1	0	3	-93.3766
1.37993	3	0	8	-97.5156
1.37993	1	0	5	-83.7744
1.37993	3	0	9	-92.3012
1.38093	1	0	3	-93.2842
1.38093	1	0	4	-92.912
1.38093	3	0	8	-97.5051
1.38093	1	0	5	-83.8157
1.38093	3	0	9	-92.3416
1.38193	3	0	8	-97.4873
1.38193	1	0	3	-93.3157
1.38193	1	0	4	-93.0001
1.38193	3	0	9	-92.3363
1.38193	1	0	5	-83.8395
1.38293	1	0	4	-92.9617
1.38293	1	0	5	-83.9297
1.38293	3	0	8	-97.5725
1.38293	1	0	3	-93.3675
1.38293	3	0	9	-92.278
1.38393	1	0	3	-93.3864
1.38393	3	0	8	-97.5131
1.38393	1	0	4	-92.9079
1.38393	3	0	9	-92.3266
1.38393	1	0	5	-84.0315
1.38493	1	0	4	-92.8827
1.38493	1	0	5	-84.0054
1.38493	3	0	8	-97.4605
1.38493	1	0	3	-93.3169
1.38493	3	0	9	-92.3597
1.38593	1	0	3	-93.323
1.38593	3	0	8	-97.5137
1.38593	1	0	4	-92.9459
1.38593	3	0	9	-92.3601
1.38593	1	0	5	-83.999
1.38693	1	0	3	-93.3281
1.38693	1	0	5	-84.0104
1.38693	3	0	8	-97.5634
1.38693	1	0	4	-92.9434
1.38693	3	0	9	-92.3904
1.38793	1	0	3	-93.2924
1.38793	3	0	8	-97.5602
1.38793	1	0	4	-93.0314
1.38793	3	0	9	-92.3895
1.38793	1	0	5	-84.0375
1.38893	1	0	4	-93.048
1.38893	1	0	3	-93.3368
1.38893	3	0	8	-97.5224
1.38893	3	0	9	-92.3528
1.38893	1	0	5	-84.0391
1.38993	3	0	9	-92.431
1.38993	1	0	3	-93.3005
1.38993	1	0	4	-93.1133
1.38993	3	0	8	-97.4903
1.38993	1	0	5	-84.1167
1.39093	1	0	4	-93.1781
1.39093	3	0	8	-97.4406
1.39093	1	0	5	-84.2411
1.39093	3	0	9	-92.412
1.39093	1	0	3	-93.2932
1.39193	1	0	3	-93.2177
1.39193	3	0	8	-97.4189
1.39193	1	0	4	-93.1765
1.39193	3	0	9	-92.3947
1.39193	1	0	5	-84.1578
1.39293	1	0	4	-93.2013
1.39293	1	0	3	-93.2281
1.39293	3	0	8	-97.3066
1.39293	3	0	9	-92.423
1.39293	1	0	5	-84.2804
1.39393	3	0	9	-92.3764
1.39393	1	0	3	-93.1895
1.39393	1	0	4	-93.2802
1.39393	3	0	8	-97.3159
1.39393	1	0	5	-84.2099
1.39486	1	0	4	-93.2811
1.39493	1	0	3	-93.2012
1.39493	1	0	5	-84.3382
1.39493	3	0	8	-97.3055
1.39493	3	0	9	-92.4056
1.39493	1	0	4	-93.3075
1.39593	3	0	8	-97.2975
1.39593	1	0	3	-93.2081
1.39593	1	0	4	-93.2677
1.39593	3	0	9	-92.3435
1.39593	1	0	5	-84.2905
1.39693	1	0	3	-93.1964
1.39693	3	0	8	-97.271
1.39693	1	0	4	-93.2336
1.39693	3	0	9	-92.3801
1.39693	1	0	5	-84.236
1.39793	3	0	8	-97.312
1.39793	1	0	3	-93.1418
1.39793	1	0	4	-93.2382
1.39793	3	0	9	-92.3911
1.39793	1	0	5	-84.2587
1.39893	1	0	3	-93.105
1.39893	3	0	9	-92.4055
1.39893	1	0	5	-84.2678
1.39893	3	0	8	-97.3159
1.39893	1	0	4	-93.288
1.39993	1	0	4	-93.3577
1.39993	1	0	3	-93.1181
1.39993	3	0	8	-97.3885
1.39993	3	0	9	-92.3968
1.39993	1	0	5	-84.3736
1.40093	1	0	4	-93.4089
1.40093	1	0	5	-84.4508
1.40093	3	0	8	-97.4244
1.40093	1	0	3	-93.2128
1.40093	3	0	9	-92.4192
1.40193	1	0	4	-93.3844
1.40193	1	0	3	-93.1912
1.40193	3	0	9	-92.3975
1.40193	1	0	5	-84.513
1.40193	3	0	8	-97.3824
1.40293	1	0	5	-84.5586
1.40293	3	0	8	-97.3778
1.40293	1	0	3	-93.2098
1.40293	3	0	9	-92.3189
1.40393	1	0	5	-84.5911
1.40393	3	0	8	-97.3219
1.40393	1	0	3	-93.2284
1.40393	3	0	9	-92.2927
1.40493	1	0	5	-84.5709
1.40493	3	0	8	-97.3182
1.40493	1	0	3	-93.2564
1.40493	3	0	9	-92.2561
1.40593	3	0	8	-97.3222
1.40593	1	0	3	-93.1386
1.40593	3	0	9	-92.2023
1.40693	1	0	5	-84.4073
1.40693	3	0	8	-97.2758
1.40693	1	0	3	-93.1885
1.40693	3	0	9	-92.1377
1.40793	1	0	5	-84.4476
1.40793	3	0	8	-97.2638
1.40793	1	0	3	-93.1562
1.40793	3	0	9	-92.1433
1.40893	3	0	8	-97.2814
1.40893	1	0	3	-93.1302
1.40893	3	0	9	-92.1346
1.40993	3	0	9	-92.0599
1.40993	3	0	8	-97.3313
1.40993	1	0	3	-93.0977
1.41086	3	0	6	-89.1674
1.41093	3	0	9	-91.9427
1.41093	3	0	8	-97.4138
1.41093	1	0	3	-93.2151
1.41193	1	0	5	-84.4934
1.41193	3	0	9	-91.9745
1.41193	3	0	8	-97.4052
1.41193	1	0	3	-93.3044
1.41293	1	0	5	-84.5142
1.41293	3	0	8	-97.4131
1.41293	1	0	3	-93.3453
1.41386	1	0	2	-87.0613
1.41386	3	0	8	-97.337
1.41393	3	0	9	-91.9427
1.41393	1	0	3	-93.292
1.41393	3	0	8	-97.3123
1.41493	3	0	9	-92.0175
1.41493	1	0	3	-93.3239
1.41493	3	0	8	-97.2486
1.41593	3	0	9	-92.0645
1.41593	1	0	3	-93.2682
1.41593	3	0	8	-97.3538
1.41693	3	0	9	-92.1172
1.41693	1	0	3	-93.2833
1.41693	3	0	8	-97.2591
1.41793	1	0	3	-93.3158
1.41793	3	0	8	-97.2116
1.41893	3	0	9	-92.0705
1.41893	1	0	3	-93.4086
1.41893	3	0	8	-97.2051
1.41993	3	0	9	-92.0003
1.41993	1	0	3	-93.4606
1.41993	3	0	8	-97.1743
1.42093	1	0	3	-93.4281
1.42093	3	0	8	-97.1982
1.42093	3	0	9	-92.0089
1.42186	1	0	5	-84.389
1.42193	1	0	3	-93.4646
1.42193	3	0	8	-97.1461
1.42293	3	0	8	-97.1864
1.42293	3	0	9	-92.0431
1.42386	3	0	10	-83.9105
1.42393	3	0	8	-97.2946
1.42393	3	0	9	-92.0719
1.42493	1	0	3	-93.3236
1.42493	3	0	8	-97.3602
1.42493	3	0	9	-92.0847
1.42593	1	0	3	-93.3996
1.42593	3	0	8	-97.4056
1.42593	3	0	9	-92.0869
1.42693	1	0	3	-93.4759
1.42693	3	0	8	-97.3886
1.42693	3	0	9	-92.0709
1.42793	3	0	9	-92.0889
1.42793	3	0	8	-97.3762
1.42893	3	0	9	-92.1621
1.42893	3	0	8	-97.442
1.42993	3	0	9	-92.1782
1.42993	1	0	3	-93.4086
1.42993	3	0	8	-97.3991
1.43086	3	0	9	-92.15
1.43093	1	0	3	-93.3938
1.43093	3	0	8	-97.389
1.43193	3	0	8	-97.381
1.43493	1	0	3	-93.3859
1.43493	3	0	8	-97.575
1.43593	1	0	3	-93.4123
1.43593	3	0	8	-97.5351
1.44186	3	0	7	-85.1415
1.45786	1	0	3	-93.4282
1.45986	1	0	1	-91.0762
1.47486	1	0	4	-93.2976
1.49086	3	0	6	-89.1479
1.49386	1	0	2	-87.5689
1.49386	3	0	8	-97.6879
1.50186	1	0	5	-84.9389
1.50386	3	0	10	-83.9808
1.51086	3	0	9	-92.7441
1.52186	3	0	7	-85.6007
1.53786	1	0	3	-93.0583
1.53986	1	0	1	-91.0205
1.55486	1	0	4	-93.921
1.57086	3	0	6	-89.6288
1.57386	1	0	2	-87.068
1.57386	3	0	8	-97.963
1.58186	1	0	5	-85.1197
1.58386	3	0	10	-84.0207
1.59086	3	0	9	-92.6871
1.60186	3	0	7	-85.2107
1.61786	1	0	3	-92.8
1.61986	1	0	1	-90.266
1.63486	1	0	4	-93.3931
1.65086	3	0	6	-90.3935
1.65386	1	0	2	-87.0872
1.65386	3	0	8	-98.3525
1.66186	1	0	5	-85.6047
1.66386	3	0	10	-84.2048
1.67086	3	0	9	-93.3391
1.68186	3	0	7	-85.053
1.69786	1	0	3	-92.1479
1.69986	1	0	1	-90.4276
1.71486	1	0	4	-93.1493
1.73086	3	0	6	-90.2069
1.73386	1	0	2	-87.2398
1.73386	3	0	8	-98.479
1.74186	1	0	5	-85.977
1.74386	3	0	10	-84.5283
1.75086	3	0	9	-93.4329
1.76186	3	0	7	-85.7009
1.77786	1	0	3	-91.2418
1.77986	1	0	1	-90.1687
1.79486	1	0	4	-94.169
1.81086	3	0	6	-90.8632
1.81386	1	0	2	-87.9638
1.81386	3	0	8	-97.935
1.82186	1	0	5	-85.421
1.82386	3	0	10	-84.2276
1.83086	3	0	9	-92.8703
1.84186	3	0	7	-86.0356
1.85786	1	0	3	-91.1274
1.85986	1	0	1	-90.3546
1.87486	1	0	4	-94.3467
1.89086	3	0	6	-90.3854
1.89386	1	0	2	-87.3995
1.89386	3	0	8	-97.6373
1.90186	1	0	5	-85.8379
1.90386	3	0	10	-83.8407
1.91086	3	0	9	-93.5369
1.92186	3	0	7	-85.9593
1.93786	1	0	3	-90.6446
1.93986	1	0	1	-91.6258
1.95486	1	0	4	-94.6901
1.97086	3	0	6	-90.5866
1.97386	1	0	2	-88.3866
1.97386	3	0	8	-97.1005
1.98186	1	0	5	-85.516
1.98386	3	0	10	-83.3545
1.99086	3	0	9	-93.9531
2.00186	3	0	7	-86.318
2.01786	1	0	3	-90.6961
2.01986	1	0	1	-92.4377
2.03486	1	0	4	-94.8798
2.05086	3	0	6	-90.486
2.05386	1	0	2	-88.3053
2.05386	3	0	8	-96.8273
2.06186	1	0	5	-85.2498
2.06386	3	0	10	-82.8041
2.07086	3	0	9	-94.3858
2.08186	3	0	7	-86.3986
2.09786	1	0	3	-90.7963
2.09986	1	0	1	-91.6314
2.11486	1	0	4	-95.2791
2.13086	3	0	6	-89.9272
2.13386	1	0	2	-87.6203
2.13386	3	0	8	-96.4799
2.14186	1	0	5	-85.9655
2.14386	3	0	10	-82.9994
2.15086	3	0	9	-94.2279
2.16186	3	0	7	-87.3115
2.17786	1	0	3	-91.1023
2.17986	1	0	1	-91.6572
2.19486	1	0	4	-94.3541
2.21086	3	0	6	-89.0069
2.21386	1	0	2	-87.5717
2.21386	3	0	8	-96.0405
2.22186	1	0	5	-86.049
2.22386	3	0	10	-82.7787
2.23086	3	0	9	-94.5689
2.24186	3	0	7	-88.3856
2.25786	1	0	3	-90.3083
2.25986	1	0	1	-91.343
2.27486	1	0	4	-94.801
2.29086	3	0	6	-90.5092
2.29386	1	0	2	-88.4492
2.29386	3	0	8	-96.2862
2.30186	1	0	5	-85.5713
2.30386	3	0	10	-83.2023
2.31086	3	0	9	-94.5858
2.32186	3	0	7	-88.8703
2.33786	1	0	3	-89.8321
2.33986	1	0	1	-91.4504
2.35486	1	0	4	-94.7373
2.37086	3	0	6	-90.5961
2.37386	1	0	2	-87.8502
2.37386	3	0	8	-96.5647
2.38186	1	0	5	-85.2484
2.38386	3	0	10	-82.8444
2.39086	3	0	9	-94.7612
2.40186	3	0	7	-88.9081
2.41786	1	0	3	-90.1832
2.41986	1	0	1	-92.2179
2.43486	1	0	4	-94.1882
2.45086	3	0	6	-91.0474
2.45386	1	0	2	-87.1288
2.45386	3	0	8	-95.815
2.46186	1	0	5	-85.4212
2.46386	3	0	10	-82.2284
2.47086	3	0	9	-96.3331
2.48186	3	0	7	-89.0898
2.49786	1	0	3	-89.7096
2.49986	1	0	1	-91.5952
2.51486	1	0	4	-93.9954
2.53086	3	0	6	-91.3067
2.53386	1	0	2	-87.1999
2.53386	3	0	8	-95.3149
2.54186	1	0	5	-84.4723
2.54386	3	0	10	-83.0131
2.55086	3	0	9	-96.0273
2.56186	3	0	7	-88.865
2.57786	1	0	3	-90.1786
2.57986	1	0	1	-91.7496
2.59486	1	0	4	-93.7591
2.61086	3	0	6	-91.3989
2.61386	1	0	2	-87.6556
2.61386	3	0	8	-94.4414
2.62186	1	0	5	-84.5366
2.62386	3	0	10	-83.0404
2.63086	3	0	9	-96.7856
2.64186	3	0	7	-89.4299
2.65786	1	0	3	-90.314
2.65986	1	0	1	-91.7054
2.67486	1	0	4	-93.6912
2.69086	3	0	6	-91.8683
2.69386	1	0	2	-87.5954
2.69386	3	0	8	-94.1878
2.70186	1	0	5	-84.7472
2.70386	3	0	10	-83.1958
2.71086	3	0	9	-96.1912
2.72186	3	0	7	-89.7152
2.73786	1	0	3	-90.1741
2.73986	1	0	1	-91.5194
2.75486	1	0	4	-93.5258
2.77086	3	0	6	-92.1829
2.77386	1	0	2	-87.0587
2.77386	3	0	8	-94.2781
2.78186	1	0	5	-85.3648
2.78386	3	0	10	-83.4968
2.79086	3	0	9	-96.1537
2.80186	3	0	7	-89.4753
2.81786	1	0	3	-90.5252
2.81986	1	0	1	-91.6144
2.83486	1	0	4	-93.7307
2.85086	3	0	6	-92.2115
2.85386	1	0	2	-87.4022
2.85386	3	0	8	-93.5708
2.86186	1	0	5	-85.2585
2.86386	3	0	10	-83.2985
2.87086	3	0	9	-95.9879
2.88186	3	0	7	-90.1538
2.89786	1	0	3	-90.2048
2.89986	1	0	1	-91.4535
2.91486	1	0	4	-93.9172
2.93086	3	0	6	-92.6115
2.93386	1	0	2	-87.0398
2.93386	3	0	8	-92.8621
2.94186	1	0	5	-86.0374
2.94386	3	0	10	-82.4933
2.95086	3	0	9	-96.2753
2.96186	3	0	7	-90.5993
2.97786	1	0	3	-90.791
2.97986	1	0	1	-91.4902
2.99486	1	0	4	-94.5429
3.01086	3	0	6	-92.8797
3.01386	1	0	2	-86.1808
3.01386	3	0	8	-92.9305
3.02186	1	0	5	-86.1888
3.02386	3	0	10	-83.3065
3.03086	3	0	9	-96.0197
3.04186	3	0	7	-90.211
3.05786	1	0	3	-90.7259
3.05986	1	0	1	-91.1775
3.07486	1	0	4	-94.4323
3.09086	3	0	6	-92.3201
3.09386	1	0	2	-85.8851
3.09386	3	0	8	-93.646
3.10186	1	0	5	-86.1877
3.10386	3	0	10	-83.4894
3.11086	3	0	9	-96.2514
3.12186	3	0	7	-89.993
3.13786	1	0	3	-90.4546
3.13986	1	0	1	-90.8424
3.15486	1	0	4	-94.9735
3.17086	3	0	6	-91.6198
3.17386	1	0	2	-85.6093
3.17386	3	0	8	-93.7185
3.18186	1	0	5	-86.5635
3.18386	3	0	10	-83.8097
3.19086	3	0	9	-95.5441
3.20186	3	0	7	-89.8757
3.21786	1	0	3	-89.6709
3.21986	1	0	1	-90.696
3.23486	1	0	4	-94.9647
3.25086	3	0	6	-91.4747
3.25386	1	0	2	-85.4056
3.25386	3	0	8	-92.3826
3.26186	1	0	5	-86.2505
3.26386	3	0	10	-83.3601
3.27086	3	0	9	-95.2813
3.28186	3	0	7	-90.4947
3.29786	1	0	3	-89.5703
3.29986	1	0	1	-91.2722
3.31486	1	0	4	-95.1818
3.33086	3	0	6	-91.7955
3.33386	1	0	2	-84.8415
3.33386	3	0	8	-91.8775
3.34186	1	0	5	-85.7805
3.34386	3	0	10	-83.6877
3.35086	3	0	9	-95.4287
3.36186	3	0	7	-90.4929
3.37786	1	0	3	-89.2755
3.37986	1	0	1	-91.7113
3.39486	1	0	4	-96.1559
3.41086	3	0	6	-91.6814
3.41386	1	0	2	-85.983
3.41386	3	0	8	-91.3579
3.42186	1	0	5	-85.1481
3.42386	3	0	10	-84.0091
3.43086	3	0	9	-95.4374
3.44186	3	0	7	-90.4766
3.45786	1	0	3	-89.3614
3.45986	1	0	1	-92.349
3.47486	1	0	4	-96.5682
3.49086	3	0	6	-91.8224
3.49386	1	0	2	-86.3446
3.49386	3	0	8	-91.2945
3.50186	1	0	5	-85.2436
3.50386	3	0	10	-83.8285
3.51086	3	0	9	-95.364
3.52186	3	0	7	-90.857
3.53786	1	0	3	-88.8845
3.53986	1	0	1	-91.64
3.55486	1	0	4	-96.4596
3.57086	3	0	6	-92.0812
3.57386	1	0	2	-86.8085
3.57386	3	0	8	-91.4735
3.58186	1	0	5	-85.059
3.58386	3	0	10	-84.4131
3.59086	3	0	9	-95.4778
3.60186	3	0	7	-90.7745
3.61786	1	0	3	-88.9109
3.61986	1	0	1	-91.0912
3.63486	1	0	4	-96.3367
3.65086	3	0	6	-92.1913
3.65386	1	0	2	-87.1826
3.65386	3	0	8	-91.2278
3.66186	1	0	5	-85.641
3.66386	3	0	10	-85.0924
3.67086	3	0	9	-94.7454
3.68186	3	0	7	-91.1419
3.69786	1	0	3	-89.1442
3.69986	1	0	1	-90.2726
3.71486	1	0	4	-96.5725
3.73086	3	0	6	-92.4871
3.73386	1	0	2	-86.7214
3.73386	3	0	8	-91.7189
3.74186	1	0	5	-86.2872
3.74386	3	0	10	-85.3786
3.75086	3	0	9	-95.1549
3.76186	3	0	7	-91.3521
3.77786	1	0	3	-89.2377
3.77986	1	0	1	-89.931
3.79486	1	0	4	-96.464
3.81086	3	0	6	-91.5782
3.81386	1	0	2	-87.4143
3.81386	3	0	8	-92.6216
3.82186	1	0	5	-85.8407
3.82386	3	0	10	-86.0126
3.83086	3	0	9	-93.9282
3.84186	3	0	7	-91.4837
3.85786	1	0	3	-88.5779
3.85986	1	0	1	-90.1871
3.87486	1	0	4	-96.092
3.89086	3	0	6	-90.8323
3.89386	1	0	2	-87.2267
3.89386	3	0	8	-93.2979
3.90186	1	0	5	-85.9083
3.90386	3	0	10	-85.9242
3.91086	3	0	9	-93.6952
3.92186	3	0	7	-91.995
3.93786	1	0	3	-87.5334
3.93986	1	0	1	-90.1135
3.95486	1	0	4	-96.098
3.97086	3	0	6	-91.07
3.97386	1	0	2	-87.8792
3.97386	3	0	8	-93.49
3.98186	1	0	5	-85.107
3.98386	3	0	10	-86.3613
3.99086	3	0	9	-93.653
4.00186	3	0	7	-91.4136
4.01786	1	0	3	-87.6576
4.01986	1	0	1	-90.8066
4.03486	1	0	4	-95.3716
4.05086	3	0	6	-91.5527
4.05386	1	0	2	-87.5597
4.05386	3	0	8	-93.5066
4.06186	1	0	5	-85.4407
4.06386	3	0	10	-86.6624
4.07086	3	0	9	-93.9631
4.08186	3	0	7	-90.5548
4.09786	1	0	3	-87.8695
4.09986	1	0	1	-90.9238
4.11486	1	0	4	-95.8586
4.13086	3	0	6	-91.9194
4.13386	1	0	2	-87.756
4.13386	3	0	8	-94.0488
4.14186	1	0	5	-85.4306
4.14386	3	0	10	-86.6823
4.15086	3	0	9	-94.018
4.16186	3	0	7	-90.1528
4.17786	1	0	3	-88.2767
4.17986	1	0	1	-90.8015
4.19486	1	0	4	-95.0658
4.21086	3	0	6	-91.7767
4.21386	1	0	2	-87.7551
4.21386	3	0	8	-94.0993
4.22186	1	0	5	-85.4572
4.22386	3	0	10	-87.6867
4.23086	3	0	9	-93.8906
4.24186	3	0	7	-89.9526
4.25786	1	0	3	-87.3583
4.25986	1	0	1	-90.4812
4.27486	1	0	4	-94.6916
4.29086	3	0	6	-91.1975
4.29386	1	0	2	-87.7593
4.29386	3	0	8	-95.0928
4.30186	1	0	5	-84.7816
4.30386	3	0	10	-87.6703
4.31086	3	0	9	-93.7937
4.32186	3	0	7	-90.382
4.33786	1	0	3	-88.1908
4.33986	1	0	1	-89.6438
4.35486	1	0	4	-94.9764
4.37086	3	0	6	-91.1399
4.37386	1	0	2	-88.0444
4.37386	3	0	8	-94.6253
4.38186	1	0	5	-85.0834
4.38386	3	0	10	-88.0522
4.39086	3	0	9	-94.1063
4.40186	3	0	7	-90.8812
4.41786	1	0	3	-88.0539
4.41986	1	0	1	-89.5715
4.43486	1	0	4	-94.6319
4.45086	3	0	6	-91.3934
4.45386	1	0	2	-87.8799
4.45386	3	0	8	-95.0322
4.46186	1	0	5	-85.6811
4.46386	3	0	10	-88.3224
4.47086	3	0	9	-94.545
4.48186	3	0	7	-91.0153
4.49786	1	0	3	-87.6949
4.49986	1	0	1	-89.0681
4.51486	1	0	4	-94.2533
4.53086	3	0	6	-91.2494
4.53386	1	0	2	-88.7293
4.53386	3	0	8	-94.1429
4.54186	1	0	5	-85.3188
4.54386	3	0	10	-87.7935
4.55086	3	0	9	-94.4542
4.56186	3	0	7	-90.8413
4.57786	1	0	3	-86.6338
4.57986	1	0	1	-88.3078
4.59486	1	0	4	-94.563
4.61086	3	0	6	-91.608
4.61386	1	0	2	-89.1657
4.61386	3	0	8	-94.2943
4.62186	1	0	5	-85.9498
4.62386	3	0	10	-88.1077
4.63086	3	0	9	-94.5642
4.64186	3	0	7	-91.0372
4.65786	1	0	3	-87.409
4.65986	1	0	1	-87.9068
4.67486	1	0	4	-94.8427
4.69086	3	0	6	-91.5993
4.69386	1	0	2	-88.7651
4.69386	3	0	8	-94.6264
4.70186	1	0	5	-85.5514
4.70386	3	0	10	-87.6918
4.71086	3	0	9	-94.2179
4.72186	3	0	7	-91.1709
4.73786	1	0	3	-87.3093
4.73986	1	0	1	-88.5419
4.75486	1	0	4	-94.7287
4.77086	3	0	6	-92.4162
4.77386	1	0	2	-88.6571
4.77386	3	0	8	-95.0548
4.78186	1	0	5	-85.8169
4.78386	3	0	10	-87.9179
4.79086	3	0	9	-93.7792
4.80186	3	0	7	-91.7356
4.81786	1	0	3	-86.9206
4.81986	1	0	1	-89.5047
4.83486	1	0	4	-95.1218
4.85086	3	0	6	-92.0599
4.85386	1	0	2	-87.8275
4.85386	3	0	8	-94.6223
4.86186	1	0	5	-85.9431
4.86386	3	0	10	-87.738
4.87086	3	0	9	-94.3991
4.88186	3	0	7	-92.1678
4.89786	1	0	3	-87.127
4.89986	1	0	1	-89.7783
4.91486	1	0	4	-95.1965
4.93086	3	0	6	-92.2248
4.93386	1	0	2	-88.796
4.93386	3	0	8	-94.8529
4.94186	1	0	5	-85.4413
4.94386	3	0	10	-88.0598
4.95086	3	0	9	-94.1618
4.96186	3	0	7	-91.6538
4.97786	1	0	3	-87.3512
4.97986	1	0	1	-89.1044
4.99486	1	0	4	-94.7265
5.01086	3	0	6	-92.0967
5.01386	1	0	2	-89.123
5.01386	3	0	8	-94.3658
5.02186	1	0	5	-86.3908
5.02386	3	0	10	-87.9529
5.03086	3	0	9	-94.5053
5.04186	3	0	7	-91.484
5.05786	1	0	3	-87.571
5.05986	1	0	1	-89.6725
5.07486	1	0	4	-94.9048
5.09086	3	0	6	-92.4569
5.09386	1	0	2	-89.2578
5.09386	3	0	8	-93.3175
5.10186	1	0	5	-86.3819
5.10386	3	0	10	-87.3572
5.11086	3	0	9	-95.5438
5.12186	3	0	7	-92.1726
5.13786	1	0	3	-87.1299
5.13986	1	0	1	-89.232
5.15486	1	0	4	-94.367
5.17086	3	0	6	-92.5874
5.17386	1	0	2	-89.092
5.17386	3	0	8	-93.595
5.18186	1	0	5	-87.3165
5.18386	3	0	10	-87.9546
5.19086	3	0	9	-95.8353
5.20186	3	0	7	-91.8804
5.21786	1	0	3	-86.8666
5.21986	1	0	1	-89.646
5.23486	1	0	4	-94.8894
5.25086	3	0	6	-92.9931
5.25386	1	0	2	-88.4916
5.25386	3	0	8	-94.509
5.26186	1	0	5	-86.6287
5.26386	3	0	10	-88.1159
5.27086	3	0	9	-95.7882
5.28186	3	0	7	-91.6654
5.29786	1	0	3	-86.8862
5.29986	1	0	1	-90.2454
5.31486	1	0	4	-95.1302
5.33086	3	0	6	-93.8618
5.33386	1	0	2	-88.7004
5.33386	3	0	8	-94.1308
5.34186	1	0	5	-86.8466
5.34386	3	0	10	-87.7439
5.35086	3	0	9	-96.2558
5.36186	3	0	7	-92.1788
5.37786	1	0	3	-87.164
5.37986	1	0	1	-90.2966
5.39486	1	0	4	-95.2682
5.41086	3	0	6	-93.4231
5.41386	1	0	2	-88.8091
5.41386	3	0	8	-93.905
5.42186	1	0	5	-87.173
5.42386	3	0	10	-87.4159
5.43086	3	0	9	-97.4161
5.44186	3	0	7	-91.2028
5.45786	1	0	3	-87.346
5.45986	1	0	1	-90.4092
5.47486	1	0	4	-95.2
5.49086	3	0	6	-93.3695
5.49386	1	0	2	-90.4085
5.49386	3	0	8	-94.4147
5.50186	1	0	5	-87.2528
5.50386	3	0	10	-88.164
5.51086	3	0	9	-98.0579
5.52186	3	0	7	-91.1002
5.53786	1	0	3	-86.8066
5.53986	1	0	1	-90.5568
5.55486	1	0	4	-95.0731
5.57086	3	0	6	-94.1563
5.57386	1	0	2	-90.8648
5.57386	3	0	8	-94.2753
5.58186	1	0	5	-87.4474
5.58386	3	0	10	-87.4583
5.59086	3	0	9	-98.453
5.60186	3	0	7	-91.2337
5.61786	1	0	3	-86.9061
5.61986	1	0	1	-89.4511
5.63486	1	0	4	-95.6268
5.65086	3	0	6	-94.4436
5.65386	1	0	2	-90.7606
5.65386	3	0	8	-95.5709
5.66186	1	0	5	-87.6515
5.66386	3	0	10	-87.4328
5.67086	3	0	9	-98.7243
5.68186	3	0	7	-91.1854
5.69786	1	0	3	-86.128
5.69986	1	0	1	-88.2258
5.71486	1	0	4	-95.7819
5.73086	3	0	6	-94.3126
5.73386	1	0	2	-90.8737
5.73386	3	0	8	-95.4566
5.74186	1	0	5	-87.7072
5.74386	3	0	10	-87.2277
5.75086	3	0	9	-98.8745
5.76186	3	0	7	-90.8537
5.77786	1	0	3	-86.2848
5.77986	1	0	1	-88.7522
5.79486	1	0	4	-95.8331
5.81086	3	0	6	-95.0668
5.81386	1	0	2	-90.9412
5.81386	3	0	8	-95.5797
5.82186	1	0	5	-87.6921
5.82386	3	0	10	-86.3884
5.83086	3	0	9	-98.0978
5.84186	3	0	7	-90.8835
5.85786	1	0	3	-85.7317
5.85986	1	0	1	-89.1372
5.87486	1	0	4	-96.3763
5.89086	3	0	6	-94.5093
5.89386	1	0	2	-91.7258
5.89386	3	0	8	-96.3969
5.90186	1	0	5	-87.1989
5.90386	3	0	10	-86.526
5.91086	3	0	9	-98.7355
5.92186	3	0	7	-91.4834
5.93786	1	0	3	-84.9888
5.93986	1	0	1	-89.428
5.95486	1	0	4	-96.0937
5.97086	3	0	6	-93.8652
5.97386	1	0	2	-90.8087
5.97386	3	0	8	-96.2249
5.98186	1	0	5	-87.5116
5.98386	3	0	10	-86.4941
5.99086	3	0	9	-99.2561
6.00186	3	0	7	-92.1062
6.01786	1	0	3	-85.1411
6.01986	1	0	1	-89.0572
6.03486	1	0	4	-96.8911
6.05086	3	0	6	-93.8995
6.05386	1	0	2	-90.8943
6.05386	3	0	8	-95.935
6.06186	1	0	5	-87.3811
6.06386	3	0	10	-86.6322
6.07086	3	0	9	-99.3433
6.08186	3	0	7	-92.1062
6.09786	1	0	3	-85.1411
6.09986	1	0	1	-89.0572
6.11486	1	0	4	-96.8911
6.13086	3	0	6	-93.8995
6.13386	1	0	2	-90.8943
6.13386	3	0	8	-95.935
6.14186	1	0	5	-87.3811
6.14386	3	0	10	-86.6322
6.15086	3	0	9	-99.3433
6.16186	3	0	7	-92.1062
6.17786	1	0	3	-85.1411
6.17986	1	0	1	-89.0572
6.19486	1	0	4	-96.8911
6.21086	3	0	6	-93.8995
6.21386	1	0	2	-90.8943
6.21386	3	0	8	-95.935
6.22186	1	0	5	-87.3811
6.22386	3	0	10	-86.6322
6.23086	3	0	9	-99.3433
6.24186	3	0	7	-92.1062
6.25786	1	0	3	-85.1411
6.25986	1	0	1	-89.0572
6.27486	1	0	4	-96.8911
6.29086	3	0	6	-93.8995
6.29386	1	0	2	-90.8943
6.29386	3	0	8	-95.935
6.30186	1	0	5	-87.3811
6.30386	3	0	10	-86.6322
6.31086	3	0	9	-99.3433
6.32186	3	0	7	-92.1062
6.33786	1	0	3	-85.1411
6.33986	1	0	1	-89.0572
6.35486	1	0	4	-96.8911
6.37086	3	0	6	-93.8995
6.37386	1	0	2	-90.8943
6.37386	3	0	8	-95.935
6.38186	1	0	5	-87.3811
6.38386	3	0	10	-86.6322
6.39086	3	0	9	-99.3433
6.40186	3	0	7	-92.1062
6.41786	1	0	3	-85.1411
6.41986	1	0	1	-89.0572
6.43486	1	0	4	-96.8911
6.45086	3	0	6	-93.8995
6.45386	1	0	2	-90.8943
6.45386	3	0	8	-95.935
6.46186	1	0	5	-87.3811
6.46386	3	0	10	-86.6322
6.47086	3	0	9	-99.3433
6.48186	3	0	7	-92.1062
6.49786	1	0	3	-85.1411
6.49986	1	0	1	-89.0572
6.51486	1	0	4	-96.8911
6.53086	3	0	6	-93.8995
6.53386	1	0	2	-90.8943
6.53386	3	0	8	-95.935
6.54186	1	0	5	-87.3811
6.54386	3	0	10	-86.6322
6.55086	3	0	9	-99.3433
6.56186	3	0	7	-92.1062
6.57786	1	0	3	-85.1411
6.57986	1	0	1	-89.0572
6.59486	1	0	4	-96.8911
6.61086	3	0	6	-93.8995
6.61386	1	0	2	-90.8943
6.61386	3	0	8	-95.935
6.62186	1	0	5	-87.3811
6.62386	3	0	10	-86.6322
6.63086	3	0	9	-99.3433
6.64186	3	0	7	-92.1062
6.65786	1	0	3	-85.1411
6.65986	1	0	1	-89.0572
6.67486	1	0	4	-96.8911
6.69086	3	0	6	-93.8995
6.69386	1	0	2	-90.8943
6.69386	3	0	8	-95.935
6.70186	1	0	5	-87.3811
6.70386	3	0	10	-86.6322
6.71086	3	0	9	-99.3433
6.72186	3	0	7	-92.1062
6.73786	1	0	3	-85.1411
6.73986	1	0	1	-89.0572
6.75486	1	0	4	-96.8911
6.77086	3	0	6	-93.8995
6.77386	1	0	2	-90.8943
6.77386	3	0	8	-95.935
6.78186	1	0	5	-87.3811
6.78386	3	0	10	-86.6322
6.79086	3	0	9	-99.3433
6.80186	3	0	7	-92.1062
6.81786	1	0	3	-85.1411
6.81986	1	0	1	-89.0572
6.83486	1	0	4	-96.8911
6.85086	3	0	6	-93.8995
6.85386	1	0	2	-90.8943
6.85386	3	0	8	-95.935
6.86186	1	0	5	-87.3811
6.86386	3	0	10	-86.6322
6.87086	3	0	9	-99.3433
6.88186	3	0	7	-92.1062
6.89786	1	0	3	-85.1411
6.89986	1	0	1	-89.0572
6.91486	1	0	4	-96.8911
6.93086	3	0	6	-93.8995
6.93386	1	0	2	-90.8943
6.93386	3	0	8	-95.935
6.94186	1	0	5	-87.3811
6.94386	3	0	10	-86.6322
6.95086	3	0	9	-99.3433
6.96186	3	0	7	-92.1062
6.97786	1	0	3	-85.1411
6.97986	1	0	1	-89.0572
6.99486	1	0	4	-96.8911
7.01086	3	0	6	-93.8995
7.01386	1	0	2	-90.8943
7.01386	3	0	8	-95.935
7.02186	1	0	5	-87.3811
7.02386	3	0	10	-86.6322
7.03086	3	0	9	-99.3433
7.04186	3	0	7	-92.1062
7.05786	1	0	3	-85.1411
7.05986	1	0	1	-89.0572
7.07486	1	0	4	-96.8911
7.09086	3	0	6	-93.8995
7.09386	1	0	2	-90.8943
7.09386	3	0	8	-95.935
7.10186	1	0	5	-87.3811
7.10386	3	0	10	-86.6322
7.11086	3	0	9	-99.3433
7.12186	3	0	7	-92.1062
7.13786	1	0	3	-85.1411
7.13986	1	0	1	-89.0572
7.15486	1	0	4	-96.8911
7.17086	3	0	6	-93.8995
7.17386	1	0	2	-90.8943
7.17386	3	0	8	-95.935
7.18186	1	0	5	-87.3811
7.18386	3	0	10	-86.6322
7.19086	3	0	9	-99.3433
7.20186	3	0	7	-92.1062
7.21786	1	0	3	-85.1411
7.21986	1	0	1	-89.0572
7.23486	1	0	4	-96.8911
7.25086	3	0	6	-93.8995
7.25386	1	0	2	-90.8943
7.25386	3	0	8	-95.935
7.26186	1	0	5	-87.3811
7.26386	3	0	10	-86.6322
7.27086	3	0	9	-99.3433
7.28186	3	0	7	-92.1062
7.29786	1	0	3	-85.1411
7.29986	1	0	1	-89.0572
7.31486	1	0	4	-96.8911
7.33086	3	0	6	-93.8995
7.33386	1	0	2	-90.8943
7.33386	3	0	8	-95.935
7.34186	1	0	5	-87.3811
7.34386	3	0	10	-86.6322
7.35086	3	0	9	-99.3433
7.36186	3	0	7	-92.1062
7.37786	1	0	3	-85.1411
7.37986	1	0	1	-89.0572
7.39486	1	0	4	-96.8911
7.41086	3	0	6	-93.8995
7.41386	1	0	2	-90.8943
7.41386	3	0	8	-95.935
7.42186	1	0	5	-87.3811
7.42386	3	0	10	-86.6322
7.43086	3	0	9	-99.3433
7.44186	3	0	7	-92.1062
7.45786	1	0	3	-85.1411
7.45986	1	0	1	-89.0572
7.47486	1	0	4	-96.8911
7.49086	3	0	6	-93.8995
7.49386	1	0	2	-90.8943
7.49386	3	0	8	-95.935
7.50186	1	0	5	-87.3811
7.50386	3	0	10	-86.6322
7.51086	3	0	9	-99.3433
7.52186	3	0	7	-92.1062
7.53786	1	0	3	-85.1411
7.53986	1	0	1	-89.0572
7.55486	1	0	4	-96.8911
7.57086	3	0	6	-93.8995
7.57386	1	0	2	-90.8943
7.57386	3	0	8	-95.935
7.58186	1	0	5	-87.3811
7.58386	3	0	10	-86.6322
7.59086	3	0	9	-99.3433
7.60186	3	0	7	-92.1062
7.61786	1	0	3	-85.1411
7.61986	1	0	1	-89.0572
7.63486	1	0	4	-96.8911
7.65086	3	0	6	-93.8995
7.65386	1	0	2	-90.8943
7.65386	3	0	8	-95.935
7.66186	1	0	5	-87.3811
7.66386	3	0	10	-86.6322
7.67086	3	0	9	-99.3433
7.68186	3	0	7	-92.1062
7.69786	1	0	3	-85.1411
7.69986	1	0	1	-89.0572
7.71486	1	0	4	-96.8911
7.73086	3	0	6	-93.8995
7.73386	1	0	2	-90.8943
7.73386	3	0	8	-95.935
7.74186	1	0	5	-87.3811
7.74386	3	0	10	-86.6322
7.75086	3	0	9	-99.3433
7.76186	3	0	7	-92.1062
7.77786	1	0	3	-85.1411
7.77986	1	0	1	-89.0572
7.79486	1	0	4	-96.8911
7.81086	3	0	6	-93.8995
7.81386	1	0	2	-90.8943
7.81386	3	0	8	-95.935
7.82186	1	0	5	-87.3811
7.82386	3	0	10	-86.6322
7.83086	3	0	9	-99.3433
7.84186	3	0	7	-92.1062
7.85786	1	0	3	-85.1411
7.85986	1	0	1	-89.0572
7.87486	1	0	4	-96.8911
7.89086	3	0	6	-93.8995
7.89386	1	0	2	-90.8943
7.89386	3	0	8	-95.935
7.90186	1	0	5	-87.3811
7.90386	3	0	10	-86.6322
7.91086	3	0	9	-99.3433
7.92186	3	0	7	-92.1062
7.93786	1	0	3	-85.1411
7.93986	1	0	1	-89.0572
7.95486	1	0	4	-96.8911
7.97086	3	0	6	-93.8995
7.97386	1	0	2	-90.8943
7.97386	3	0	8	-95.935
7.98186	1	0	5	-87.3811
7.98386	3	0	10	-86.6322
7.99086	3	0	9	-99.3433
8.00186	3	0	7	-92.1062
8.01786	1	0	3	-85.1411
8.01986	1	0	1	-89.0572
8.03486	1	0	4	-96.8911
8.05086	3	0	6	-93.8995
8.05386	1	0	2	-90.8943
8.05386	3	0	8	-95.935
8.06186	1	0	5	-87.3811
8.06386	3	0	10	-86.6322
8.07086	3	0	9	-99.3433
8.08186	3	0	7	-92.1062
8.09786	1	0	3	-85.1411
8.09986	1	0	1	-89.0572
8.11486	1	0	4	-96.8911
8.13086	3	0	6	-93.8995
8.13386	1	0	2	-90.8943
8.13386	3	0	8	-95.935
8.14186	1	0	5	-87.3811
8.14386	3	0	10	-86.6322
8.15086	3	0	9	-99.3433
8.16186	3	0	7	-92.1062
8.17786	1	0	3	-85.1411
8.17986	1	0	1	-89.0572
8.19486	1	0	4	-96.8911
8.21086	3	0	6	-93.8995
8.21386	1	0	2	-90.8943
8.21386	3	0	8	-95.935
8.22186	1	0	5	-87.3811
8.22386	3	0	10	-86.6322
8.23086	3	0	9	-99.3433
8.24186	3	0	7	-92.1062
8.25786	1	0	3	-85.1411
8.25986	1	0	1	-89.0572
8.27486	1	0	4	-96.8911
8.29086	3	0	6	-93.8995
8.29386	1	0	2	-90.8943
8.29386	3	0	8	-95.935
8.30186	1	0	5	-87.3811
8.30386	3	0	10	-86.6322
8.31086	3	0	9	-99.3433
8.32186	3	0	7	-92.1062
8.33786	1	0	3	-85.1411
8.33986	1	0	1	-89.0572
8.35486	1	0	4	-96.8911
8.37086	3	0	6	-93.8995
8.37386	1	0	2	-90.8943
8.37386	3	0	8	-95.935
8.38186	1	0	5	-87.3811
8.38386	3	0	10	-86.6322
8.39086	3	0	9	-99.3433
8.40186	3	0	7	-92.1062
8.41786	1	0	3	-85.1411
8.41986	1	0	1	-89.0572
8.43486	1	0	4	-96.8911
8.45086	3	0	6	-93.8995
8.45386	1	0	2	-90.8943
8.45386	3	0	8	-95.935
8.46186	1	0	5	-87.3811
8.46386	3	0	10	-86.6322
8.47086	3	0	9	-99.3433
8.48186	3	0	7	-92.1062
8.49786	1	0	3	-85.1411
8.49986	1	0	1	-89.0572
8.51486	1	0	4	-96.8911
8.53086	3	0	6	-93.8995
8.53386	1	0	2	-90.8943
8.53386	3	0	8	-95.935
8.54186	1	0	5	-87.3811
8.54386	3	0	10	-86.6322
8.55086	3	0	9	-99.3433
8.56186	3	0	7	-92.1062
8.57786	1	0	3	-85.1411
8.57986	1	0	1	-89.0572
8.59486	1	0	4	-96.8911
8.61086	3	0	6	-93.8995
8.61386	1	0	2	-90.8943
8.61386	3	0	8	-95.935
8.62186	1	0	5	-87.3811
8.62386	3	0	10	-86.6322
8.63086	3	0	9	-99.3433
8.64186	3	0	7	-92.1062
8.65786	1	0	3	-85.1411
8.65986	1	0	1	-89.0572
8.67486	1	0	4	-96.8911
8.69086	3	0	6	-93.8995
8.69386	1	0	2	-90.8943
8.69386	3	0	8	-95.935
8.70186	1	0	5	-87.3811
8.70386	3	0	10	-86.6322
8.71086	3	0	9	-99.3433
8.72186	3	0	7	-92.1062
8.73786	1	0	3	-85.1411
8.73986	1	0	1	-89.0572
8.75486	1	0	4	-96.8911
8.77086	3	0	6	-93.8995
8.77386	1	0	2	-90.8943
8.77386	3	0	8	-95.935
8.78186	1	0	5	-87.3811
8.78386	3	0	10	-86.6322
8.79086	3	0	9	-99.3433
8.80186	3	0	7	-92.1062
8.81786	1	0	3	-85.1411
8.81986	1	0	1	-89.0572
8.83486	1	0	4	-96.8911
8.85086	3	0	6	-93.8995
8.85386	1	0	2	-90.8943
8.85386	3	0	8	-95.935
8.86186	1	0	5	-87.3811
8.86386	3	0	10	-86.6322
8.87086	3	0	9	-99.3433
8.88186	3	0	7	-92.1062
8.89786	1	0	3	-85.1411
8.89986	1	0	1	-89.0572
8.91486	1	0	4	-96.8911
8.93086	3	0	6	-93.8995
8.93386	1	0	2	-90.8943
8.93386	3	0	8	-95.935
8.94186	1	0	5	-87.3811
8.94386	3	0	10	-86.6322
8.95086	3	0	9	-99.3433
8.96186	3	0	7	-92.1062
8.97786	1	0	3	-85.1411
8.97986	1	0	1	-89.0572
8.99486	1	0	4	-96.8911
9.01086	3	0	6	-93.8995
9.01386	1	0	2	-90.8943
9.01386	3	0	8	-95.935
9.02186	1	0	5	-87.3811
9.02386	3	0	10	-86.6322
9.03086	3	0	9	-99.3433
9.04186	3	0	7	-92.1062
9.05786	1	0	3	-85.1411
9.05986	1	0	1	-89.0572
9.07486	1	0	4	-96.8911
9.09086	3	0	6	-93.8995
9.09386	1	0	2	-90.8943
9.09386	3	0	8	-95.935
9.10186	1	0	5	-87.3811
9.10386	3	0	10	-86.6322
9.11086	3	0	9	-99.3433
9.12186	3	0	7	-92.1062
9.13786	1	0	3	-85.1411
9.13986	1	0	1	-89.0572
9.15486	1	0	4	-96.8911
9.17086	3	0	6	-93.8995
9.17386	1	0	2	-90.8943
9.17386	3	0	8	-95.935
9.18186	1	0	5	-87.3811
9.18386	3	0	10	-86.6322
9.19086	3	0	9	-99.3433
9.20186	3	0	7	-92.1062
9.21786	1	0	3	-85.1411
9.21986	1	0	1	-89.0572
9.23486	1	0	4	-96.8911
9.25086	3	0	6	-93.8995
9.25386	1	0	2	-90.8943
9.25386	3	0	8	-95.935
9.26186	1	0	5	-87.3811
9.26386	3	0	10	-86.6322
9.27086	3	0	9	-99.3433
9.28186	3	0	7	-92.1062
9.29786	1	0	3	-85.1411
9.29986	1	0	1	-89.0572
9.31486	1	0	4	-96.8911
9.33086	3	0	6	-93.8995
9.33386	1	0	2	-90.8943
9.33386	3	0	8	-95.935
9.34186	1	0	5	-87.3811
9.34386	3	0	10	-86.6322
9.35086	3	0	9	-99.3433
9.36186	3	0	7	-92.1062
9.37786	1	0	3	-85.1411
9.37986	1	0	1	-89.0572
9.39486	1	0	4	-96.8911
9.41086	3	0	6	-93.8995
9.41386	1	0	2	-90.8943
9.41386	3	0	8	-95.935
9.42186	1	0	5	-87.3811
9.42386	3	0	10	-86.6322
9.43086	3	0	9	-99.3433
9.44186	3	0	7	-92.1062
9.45786	1	0	3	-85.1411
9.45986	1	0	1	-89.0572
9.47486	1	0	4	-96.8911
9.49086	3	0	6	-93.8995
9.49386	1	0	2	-90.8943
9.49386	3	0	8	-95.935
9.50186	1	0	5	-87.3811
9.50386	3	0	10	-86.6322
9.51086	3	0	9	-99.3433
9.52186	3	0	7	-92.1062
9.53786	1	0	3	-85.1411
9.53986	1	0	1	-89.0572
9.55486	1	0	4	-96.8911
9.57086	3	0	6	-93.8995
9.57386	1	0	2	-90.8943
9.57386	3	0	8	-95.935
9.58186	1	0	5	-87.3811
9.58386	3	0	10	-86.6322
9.59086	3	0	9	-99.3433
9.60186	3	0	7	-92.1062
9.61786	1	0	3	-85.1411
9.61986	1	0	1	-89.0572
9.63486	1	0	4	-96.8911
9.65086	3	0	6	-93.8995
9.65386	1	0	2	-90.8943
9.65386	3	0	8	-95.935
9.66186	1	0	5	-87.3811
9.66386	3	0	10	-86.6322
9.67086	3	0	9	-99.3433
9.68186	3	0	7	-92.1062
9.69786	1	0	3	-85.1411
9.69986	1	0	1	-89.0572
9.71486	1	0	4	-96.8911
9.73086	3	0	6	-93.8995
9.73386	1	0	2	-90.8943
9.73386	3	0	8	-95.935
9.74186	1	0	5	-87.3811
9.74386	3	0	10	-86.6322
9.75086	3	0	9	-99.3433
9.76186	3	0	7	-92.1062
9.77786	1	0	3	-85.1411
9.77986	1	0	1	-89.0572
9.79486	1	0	4	-96.8911
9.81086	3	0	6	-93.8995
9.81386	1	0	2	-90.8943
9.81386	3	0	8	-95.935
9.82186	1	0	5	-87.3811
9.82386	3	0	10	-86.6322
9.83086	3	0	9	-99.3433
9.84186	3	0	7	-92.1062
9.85786	1	0	3	-85.1411
9.85986	1	0	1	-89.0572
9.87486	1	0	4	-96.8911
9.89086	3	0	6	-93.8995
9.89386	1	0	2	-90.8943
9.89386	3	0	8	-95.935
9.90186	1	0	5	-87.3811
9.90386	3	0	10	-86.6322
9.91086	3	0	9	-99.3433
9.92186	3	0	7	-92.1062
9.93786	1	0	3	-85.1411
9.93986	1	0	1	-89.0572
9.95486	1	0	4	-96.8911
9.97086	3	0	6	-93.8995
9.97386	1	0	2	-90.8943
9.97386	3	0	8	-95.935
9.98186	1	0	5	-87.3811
9.98386	3	0	10	-86.6322
9.99086	3	0	9	-99.3433
